dat/DEM.txt
ncols         258
nrows         248
xllcorner     549290.27599977
yllcorner     3501743.7800992
cellsize      50
NODATA_value  -9999
[rows 168 to 195 of 248, columns 192 to 255 of 258]
9.706315 9.727738 9.695452 9.649165 9.6177 9.664978 9.750565 9.801963 9.816779 9.86058 9.878029 9.918811 9.935818 9.934275 9.924757 9.929917 9.942331 9.962146 10.02999 10.01014 9.991272 9.995036 9.999752 10 10 10 10 10 10 10.44055 12.59427 13.56204 14.62123 15.80348 19.07655 20.32938 21.14762 21.90282 22.29886 22.86511 24.19728 25.84373 27.47444 24.92035 23.73771 23.62731 25.44643 -9999 -9999 -9999 -9999 -9999 -9999 -9999 -9999 -9999 -9999 -9999 -9999 -9999 -9999 -9999 -9999 -9999
9.549333 9.55975 9.512074 9.448836 9.36122 9.306891 9.398714 9.449957 9.500237 9.560152 9.739205 9.794966 9.82891 9.833772 9.836136 9.842995 9.854224 9.868053 9.904726 9.92233 9.939426 9.955381 9.982695 9.992848 9.998989 10 10 10 10 10 12.01472 13.50068 14.7638 15.95517 19.22767 19.79171 20.52973 22.02967 23.45492 23.92056 24.8226 25.81232 26.36245 24.43746 22.62089 22.87673 23.9208 25.46294 26.19095 -9999 -9999 -9999 -9999 -9999 -9999 -9999 -9999 -9999 -9999 -9999 -9999 -9999 -9999 -9999
9.249151 9.266178 9.196926 9.097202 8.895918 8.622136 8.662276 8.736158 8.873643 9.070848 9.390676 9.488246 9.580098 9.600401 9.640471 9.652868 9.67454 9.701643 9.762667 9.794624 9.826073 9.855776 9.909638 9.934324 9.957254 9.977483 9.999931 10 10 10 12.71737 14.41083 15.81332 16.81861 18.63727 19.91997 21.31686 22.73343 23.29168 22.5036 22.19048 23.26187 21.35293 19.02135 20.17792 24.73217 24.15465 20.05198 22.27296 24.97373 -9999 -9999 -9999 -9999 -9999 -9999 -9999 -9999 -9999 -9999 -9999 -9999 -9999 -9999
9.186896 9.2 9.114803 9.009993 8.712464 8.228211 8.294642 8.399081 8.650148 8.904967 9.257496 9.36336 9.466361 9.490077 9.542574 9.565005 9.594333 9.628253 9.701661 9.738857 9.775373 9.810055 9.872837 9.901476 9.928364 9.953353 9.993947 9.999994 10 10.03057 13.91066 16.02129 18.18693 19.84 20.60527 22.17651 22.91959 23.15101 22.34983 20.72979 20.05804 21.12488 19.02135 19.02135 21.34722 25.49349 23.98556 19.72723 19.72723 21.45973 26.13672 -9999 -9999 -9999 -9999 -9999 -9999 -9999 -9999 -9999 -9999 -9999 -9999 -9999
9.196384 9.190317 9.11935 9.045309 8.633126 8.202401 8.196768 8.200075 8.522847 8.791546 9.148888 9.256308 9.362659 9.387191 9.451108 9.482987 9.521246 9.562836 9.64995 9.692119 9.732466 9.770334 9.839089 9.871062 9.901289 9.929434 9.979463 9.997451 10 10.65935 14.35353 16.37047 18.5142 20.42853 22.151 20.89877 20.72995 22.18245 22.00737 20.25677 19.02765 19.20552 19.57794 19.02135 23.32787 25.97714 23.01933 19.74817 19.7369 20.46869 25.99634 -9999 -9999 -9999 -9999 -9999 -9999 -9999 -9999 -9999 -9999 -9999 -9999 -9999
9.275397 9.248452 9.173296 9.084653 8.833931 8.449288 8.196768 8.234838 8.488137 8.725763 9.060432 9.16445 9.268075 9.291105 9.366715 9.410388 9.462523 9.516045 9.615501 9.660707 9.703026 9.742146 9.812508 9.844954 9.876556 9.907384 9.962511 9.987019 9.999963 10.97362 14.44339 16.27459 18.06546 19.34904 20.76125 18.68305 19.46729 21.24384 22.05253 20.6911 19.43632 18.20271 19.22851 20.95779 24.31852 25.80828 22.84562 19.88491 19.7416 21.45352 25.78616 25.64117 -9999 -9999 -9999 -9999 -9999 -9999 -9999 -9999 -9999 -9999 -9999 -9999
9.552992 9.511443 9.39431 9.266757 9.068929 8.78374 8.362364 8.554955 8.786741 8.774675 8.937385 9.015029 9.094901 9.115744 9.267075 9.346893 9.417616 9.48019 9.586761 9.633048 9.675196 9.713737 9.782553 9.81399 9.84416 9.873576 9.932561 9.960576 9.987391 10.84959 13.99589 15.33694 16.61674 18.06631 16.29271 14.72824 17.74651 20.35467 21.72427 20.97416 20.04248 17.88073 18.51732 20.36008 22.26796 24.16805 21.35432 18.93695 18.26245 20.03799 21.86391 20.80278 20.88017 -9999 -9999 -9999 -9999 -9999 -9999 -9999 -9999 -9999 -9999 -9999
9.670592 9.633112 9.540963 9.43301 9.274035 9.060678 8.869732 8.924953 8.948444 8.936108 8.922978 8.957209 9.008031 9.054027 9.268269 9.351189 9.422118 9.484003 9.588285 9.632859 9.673356 9.710491 9.776836 9.807076 9.836028 9.864146 9.920384 9.9498 9.977462 10.56886 13.20021 14.16771 14.94234 15.29056 13.12676 13.22691 13.99505 18.23447 20.81954 20.68003 19.801 17.66103 17.54476 19.07836 20.82793 23.24165 21.16256 19.02147 17.42566 18.41461 18.78127 19.09569 20.72455 22.38679 -9999 -9999 -9999 -9999 -9999 -9999 -9999 -9999 -9999 -9999
9.738141 9.729412 9.74011 9.645981 9.510285 9.387774 9.448212 9.351162 9.017635 8.948444 8.948444 8.948444 9.022923 9.087842 9.295602 9.373816 9.440865 9.499487 9.597781 9.639518 9.677691 9.712978 9.776336 9.805091 9.832576 9.859211 9.912189 9.940829 9.970428 10.22886 12.34617 13.069 13.6323 13.87085 13.08389 14.75299 15.32776 14.62364 19.15758 20.25971 19.14099 17.16891 17.08026 18.96099 20.80324 22.83898 21.4437 19.34206 17.09986 16.72396 18.85948 20.5191 22.27629 24.19239 -9999 -9999 -9999 -9999 -9999 -9999 -9999 -9999 -9999 -9999
9.872609 9.898064 10.01627 9.86942 9.752887 9.729047 10.13201 10.2903 9.881627 9.422282 9.018292 9.082184 9.140187 9.178594 9.343145 9.411471 9.471244 9.522821 9.609535 9.647659 9.683305 9.716923 9.778877 9.807117 9.833339 9.858295 9.907922 9.934809 9.965445 9.998445 11.55639 12.21111 12.83271 13.34075 15.16178 19.10278 20.38824 20.64372 18.21137 17.56066 17.15964 15.9383 17.15722 19.41905 21.10715 22.7427 21.58916 19.90807 17.41578 16.14283 20.33229 21.80156 23.26839 25.08249 26.37765 -9999 -9999 -9999 -9999 -9999 -9999 -9999 -9999 -9999
11.57443 12.27812 12.12457 10.27803 9.788376 9.686317 10.92697 12.22866 12.09637 11.1621 9.672113 9.489133 9.393911 9.39329 9.464908 9.500973 9.534544 9.566974 9.630418 9.661754 9.692786 9.723419 9.783192 9.811956 9.83946 9.865215 9.909993 9.933396 9.962954 9.996225 10.5936 11.19944 11.91923 12.77414 16.20646 18.27452 19.26236 20.22054 21.1007 19.43423 17.05386 14.90477 17.10135 19.31552 20.89244 22.2778 21.04215 19.59875 16.87829 15.39499 17.9837 19.72895 21.96811 24.29213 -9999 -9999 -9999 -9999 -9999 -9999 -9999 -9999 -9999 -9999
12.84352 13.38685 12.31575 10.04917 9.866417 9.757296 10.63979 12.25542 12.90279 12.10924 9.833149 9.623173 9.511829 9.502407 9.522187 9.539785 9.560934 9.584839 9.638171 9.666637 9.69579 9.725297 9.78445 9.813613 9.84196 9.86904 9.916106 9.937921 9.966481 9.997678 10.5507 11.03451 11.71755 12.55975 15.40025 16.91584 18.41768 19.80705 20.84616 18.75252 16.52531 14.61935 17.11213 19.43036 20.88773 22.09157 20.5512 18.62041 15.83066 15.76189 19.49758 20.68094 22.73775 24.75058 -9999 -9999 -9999 -9999 -9999 -9999 -9999 -9999 -9999 -9999
13.99078 14.40345 12.88976 10.62627 9.952298 9.872333 10.76845 12.37957 13.81691 13.00989 9.969416 9.742816 9.620406 9.606568 9.570725 9.572105 9.582438 9.598849 9.643452 9.669524 9.697142 9.725797 9.784801 9.814524 9.8439 9.87251 9.924498 9.945978 9.972549 9.999544 10.50245 11.09101 11.5549 11.92907 13.85652 15.84457 17.86348 19.35771 20.81295 18.33949 16.00206 13.89317 17.1308 19.7177 20.93611 21.78727 19.88672 17.09947 14.60295 17.21406 20.95793 22.40101 24.2045 25.39574 -9999 -9999 -9999 -9999 -9999 -9999 -9999 -9999 -9999 -9999
15.30447 15.70522 13.95412 12.25515 11.00508 10.29907 11.44681 12.7228 13.94212 12.90275 10.29178 9.852649 9.719946 9.695912 9.609404 9.596934 9.598106 9.608323 9.646449 9.671346 9.698239 9.726308 9.784579 9.814632 9.845145 9.875513 9.933255 9.957247 9.98047 9.999981 10.55784 11.12608 11.54399 11.54399 13.31143 15.7056 17.97744 19.69946 20.89938 18.43578 15.89605 13.25302 16.91712 19.58235 20.74861 20.94922 18.24765 15.42182 15.37178 18.67175 21.83014 23.22876 24.67608 24.45698 -9999 -9999 -9999 -9999 -9999 -9999 -9999 -9999 -9999 -9999
19.50603 19.14613 16.8756 15.61987 14.34074 13.2536 13.04767 13.43202 13.1139 12.35812 10.80921 10.09785 9.863725 9.801131 9.650993 9.620883 9.612801 9.62118 9.660438 9.685047 9.711185 9.73827 9.794108 9.822619 9.851706 9.882027 9.949245 9.979576 10.00154 10.49028 11.81322 12.02336 11.57747 11.7797 14.71911 16.64471 18.78502 20.47467 20.9891 19.24442 16.30906 13.49531 13.31777 15.17716 17.81674 17.97204 14.76835 14.2177 15.89584 18.26207 21.76753 23.52243 23.82954 21.46891 -9999 -9999 -9999 -9999 -9999 -9999 -9999 -9999 -9999 -9999
20.96104 20.91835 18.67794 17.33342 15.86039 14.46963 13.43061 13.43202 13.06382 12.35111 11.01496 10.3683 9.891189 9.813654 9.646669 9.620483 9.619702 9.6314 9.671782 9.696264 9.72213 9.748855 9.803837 9.831857 9.860372 9.889582 9.95328 9.987522 10.10708 10.71227 12.46277 13.28275 11.70298 11.88732 14.86455 16.65746 18.57408 20.13737 20.68145 18.87766 15.73455 12.71206 9.305391 11.65618 14.42955 15.09476 13.23537 14.58118 16.16724 17.17582 20.70561 22.27196 22.5227 21.01296 -9999 -9999 -9999 -9999 -9999 -9999 -9999 -9999 -9999 -9999
21.39883 22.69625 20.56615 19.07444 17.3376 15.52461 13.43202 13.42154 12.89911 12.2539 11.07641 10.56943 9.87972 9.792495 9.626395 9.616287 9.625397 9.641854 9.685219 9.709852 9.735602 9.76207 9.816151 9.843457 9.870831 9.898354 9.955665 9.988132 10.15279 10.65697 12.33273 13.54289 11.17167 11.68425 14.58997 16.18877 17.81515 19.32586 20.25679 17.76286 14.6247 11.46175 9.013793 9.153044 11.93976 12.88502 14.13971 16.2358 17.83982 18.90084 20.23898 20.72305 21.02498 20.45536 -9999 -9999 -9999 -9999 -9999 -9999 -9999 -9999 -9999 -9999
23.35208 21.99593 20.4586 19.91006 17.25305 15.21768 13.09212 12.87996 12.49957 11.98512 10.98412 10.59741 9.777686 9.716338 9.596717 9.608356 9.627892 9.650144 9.698806 9.724415 9.750518 9.776864 9.829661 9.855853 9.881775 9.907446 9.957682 9.980898 10.25618 10.56729 10.99422 10.95331 10.95331 11.21376 13.92508 15.3476 16.73359 18.02934 19.20645 16.37261 13.34587 10.43655 9.013793 9.013793 9.26495 11.33452 15.43847 18.00597 19.99025 20.55777 20.87835 20.90348 20.80574 20.51655 19.66801 -9999 -9999 -9999 -9999 -9999 -9999 -9999 -9999 -9999
20.89312 18.62009 15.98351 14.76855 13.98899 13.18382 11.91409 11.59977 11.34965 11.04955 10.34612 9.963253 9.165876 9.251727 9.502184 9.573862 9.622068 9.660131 9.723607 9.752426 9.780096 9.806759 9.857389 9.881492 9.904553 9.925975 9.965232 9.989279 10.10815 10.45975 10.38163 10.43329 10.37438 10.35052 11.88187 13.10272 14.29814 15.3895 16.17909 13.36024 10.12894 9.013793 9.013793 9.013793 9.355968 13.33315 19.86165 21.12893 21.91943 22.24113 22.33976 22.49393 22.32738 21.84985 -9999 -9999 -9999 -9999 -9999 -9999 -9999 -9999 -9999 -9999
19.5608 17.68706 15.33632 14.0285 13.42067 12.59927 11.25106 10.96891 10.74347 10.46956 9.845923 9.384673 9 9.004184 9.436078 9.544835 9.612402 9.661051 9.734844 9.76591 9.794366 9.820943 9.869993 9.892412 9.912912 9.931873 9.972414 9.993018 10 10 10.00264 10 10.00106 10 10.69846 11.9295 13.15718 14.22066 13.95392 11.67084 9.215572 9.013793 9.013793 9.088575 12.96153 17.98038 21.30606 21.64235 21.12496 21.40586 22.51413 23.06753 23.13963 22.6533 -9999 -9999 -9999 -9999 -9999 -9999 -9999 -9999 -9999 -9999
18.72331 17.6553 17.30581 16.51356 14.29006 12.67822 10.56523 10.34471 10.17786 10.01233 9.560828 9.024164 9 9 9.402472 9.520848 9.600188 9.659469 9.744702 9.777583 9.806636 9.833076 9.879698 9.900079 9.919657 9.939162 9.979937 9.995565 10 10 10 10 10 10 10 10.73976 12.12015 13.34731 11.87443 10.07147 10 9.334418 9.013793 12.11384 17.32964 20.40704 21.0594 20.27759 19.92813 20.5183 22.32084 23.1334 23.59512 -9999 -9999 -9999 -9999 -9999 -9999 -9999 -9999 -9999 -9999 -9999
20.11451 19.912 20.01438 19.17673 16.27206 13.59272 10.00226 10 10 9.99897 9.62786 9.154179 9 9 9.437329 9.530624 9.605141 9.66482 9.754171 9.787901 9.817331 9.843709 9.889133 9.909657 9.92953 9.949265 9.986724 9.99782 10 10 10 10 10 10 10 10.00209 11.18909 12.56697 10.43516 10 10 10 9.613953 15.29124 20.08086 20.81269 19.96935 19.32836 19.28134 20.00924 22.34055 23.15238 23.60028 -9999 -9999 -9999 -9999 -9999 -9999 -9999 -9999 -9999 -9999 -9999
23.87601 22.1844 20.64515 19.39983 16.64692 13.98707 10 10 10 10.04376 10.76229 11.16299 11.02641 10.84716 9.769461 9.716817 9.719992 9.745399 9.805906 9.83322 9.858254 9.881048 9.922179 9.941401 9.959628 9.975428 9.996736 9.999982 10 10 10 10 10 10 10 10 10 10.00608 10 10 10 10.11988 15.3632 17.99224 19.77012 19.96039 18.12697 18.77691 20.05691 21.10263 22.49384 23.02134 23.57627 23.93618 -9999 -9999 -9999 -9999 -9999 -9999 -9999 -9999 -9999 -9999
22.80572 19.96907 17.62207 16.15117 14.57553 12.72651 10 10 10.06764 10.77402 11.84112 11.92964 10.61527 10.1963 9.958717 9.84702 9.822495 9.8266 9.854576 9.873172 9.892131 9.910734 9.945606 9.961075 9.974728 9.98608 9.999377 10 10 10 10 10 10 10 10 10 10 10 10 10 10.01322 11.10246 16.28001 17.83937 18.63766 18.61713 17.62451 19.24933 20.34682 21.24788 22.08492 22.63153 23.35817 24.10909 -9999 -9999 -9999 -9999 -9999 -9999 -9999 -9999 -9999 -9999
22.89656 19.95189 17.26495 15.91934 14.50022 12.62054 10 10 10.53385 11.50488 12.58821 11.83957 10.0426 10.0004 10 9.961956 9.915375 9.903152 9.908286 9.918253 9.930029 9.942522 9.96671 9.977481 9.986759 9.994071 9.999998 10 10 10 10 10 10 10 10 10 10 10 10 10.02435 10.78154 12.75827 16.49372 17.39853 17.7339 17.59161 17.17098 18.78893 20.25326 20.87519 20.91807 21.85822 22.81894 23.86518 -9999 -9999 -9999 -9999 -9999 -9999 -9999 -9999 -9999 -9999
22.31018 22.87 20.82563 19.50981 17.31817 14.07059 10 10 10.73182 11.80287 12.87435 11.27906 10.17677 10.13976 9.989338 9.999972 9.984475 9.963968 9.952876 9.955935 9.961641 9.968621 9.983321 9.989922 9.995308 9.998862 10 10 10 10 10 10 10 10 10 10 10 10 10 10.52521 12.05427 13.96308 16.44804 17.0018 17.11976 16.83658 16.32044 17.60701 19.56747 20.02128 19.76257 20.80778 21.99355 23.30229 -9999 -9999 -9999 -9999 -9999 -9999 -9999 -9999 -9999 -9999
16.10567 16.64923 18.74281 20.36636 20.32969 15.16633 9.303634 9.303634 9.652781 10.1297 10.43013 10.24863 10.24782 9.800458 9.278934 9.865982 10.02707 10 9.999554 9.998602 9.998183 9.998489 9.999786 9.999995 10 10 10 10 10 10 10 10 10 10 10 10 10 10 10.7211 11.85838 13.02073 14.0774 16.56061 17.31661 17.08842 15.93835 14.25334 14.37854 15.73957 16.47989 18.2368 19.28998 20.16737 21.84631 24.89727 25.46124 -9999 -9999 -9999 -9999 -9999 -9999 -9999 -9999
13.11141 13.73906 15.81051 17.07958 16.51283 12.57659 9.303634 9.351419 9.823522 10.34369 10.89165 10.97089 10.77042 10.62863 10.21248 10.24136 10.75717 10.0021 10 10 10 10 10 10 10 10 10 10 10 10 10 10 10 10 10 10 10 10 11.25984 12.47047 13.65467 14.74971 16.79699 17.96734 17.30915 14.94672 14.25334 14.25334 14.37523 15.18301 17.67226 18.87953 20.10366 21.54779 23.62724 23.61815 23.41915 -9999 -9999 -9999 -9999 -9999 -9999 -9999
