dat/DEM.txt
ncols         258
nrows         248
xllcorner     549290.27599977
yllcorner     3501743.7800992
cellsize      50
NODATA_value  -9999
[rows 168 to 195 of 248, columns 0 to 63 of 258]
-9999 -9999 -9999 -9999 -9999 -9999 -9999 -9999 -9999 -9999 -9999 -9999 -9999 -9999 -9999 -9999 -9999 -9999 80.12093 78.95027 77.86256 74.97105 70.1741 73.13792 78.42649 81.22113 79.46778 77.6205 75.62246 77.1139 82.85 89.36019 93.27616 95.53126 94.40497 96.96343 99.97395 99.5559 102.2971 108.795 114.8951 115.2393 109.604 106.3559 102.8706 96.33495 92.87638 105.2363 119.0244 131.6388 140.1042 142.1661 142.5817 141.1302 127.4658 123.8306 124.7744 127.0146 140.8852 146.8622 150.685 148.2421 120.7763 107.7837
-9999 -9999 -9999 -9999 -9999 -9999 -9999 -9999 -9999 -9999 -9999 -9999 -9999 -9999 -9999 -9999 -9999 -9999 85.79825 84.17023 82.12333 79.50898 77.09771 77.38859 80.31026 83.65661 81.92758 80.52102 82.14687 86.95502 91.40976 95.06862 99.90771 104.0761 107.5717 113.393 114.1308 111.9967 118.9523 132.4161 139.1652 133.2771 124.584 121.8941 115.5247 108.6945 96.89213 107.2085 124.4727 136.4856 140.0631 138.231 137.7509 132.6081 119.7273 113.737 113.9168 118.1254 133.3773 138.4724 138.4279 134.6629 116.9063 102.3461
-9999 -9999 -9999 -9999 -9999 -9999 -9999 -9999 -9999 -9999 -9999 -9999 -9999 -9999 -9999 -9999 -9999 -9999 98.2952 100.4377 93.43314 93.71881 96.33812 93.06731 92.77074 92.40577 90.2107 99.85386 109.0393 117.7503 123.8158 122.4932 119.9846 124.6683 142.8029 152.6421 148.6084 142.8335 153.4255 163.7506 168.8519 165.4361 151.1895 140.1185 133.6647 126.5325 114.7579 114.1267 112.754 109.9594 114.4487 114.9492 114.3638 113.2828 102.1872 93.52713 93.01615 99.51983 113.7825 113.5565 113.0033 110.2904 101.2875 95.14334
-9999 -9999 -9999 -9999 -9999 -9999 -9999 -9999 -9999 -9999 -9999 -9999 -9999 -9999 -9999 -9999 -9999 -9999 99.86328 107.2286 105.5337 109.1171 110.2208 108.1475 101.7032 97.21117 100.8519 113.219 123.0972 132.0587 145.2012 142.9372 135.989 134.593 158.3538 175.5599 170.0274 167.0816 173.143 175.5744 170.8054 162.1847 141.3601 133.0902 127.4416 122.8626 115.3934 112.1454 105.9022 99.16449 100.4689 101.625 101.3597 100.3584 91.03097 87.85362 87.54598 92.14182 99.31659 98.7299 97.60443 96.01522 91.48461 88.90641
-9999 -9999 -9999 -9999 -9999 -9999 -9999 -9999 -9999 -9999 -9999 -9999 -9999 -9999 -9999 -9999 -9999 -9999 105.2815 115.575 121.8602 124.3595 126.3308 123.282 115.3559 104.6474 111.2282 123.7564 135.0046 146.9197 165.5824 161.8428 150.2053 146.6026 179.7052 195.286 196.9174 194.7102 181.6663 170.3655 162.3429 151.3315 130.9368 122.6881 116.507 112.6763 107.4029 103.2606 97.88042 89.49729 88.72202 89.47908 89.25966 88.63506 85.60883 83.52776 81.59161 84.04842 89.99538 89.76149 88.56253 86.287 84.64274 84.4511
-9999 -9999 -9999 -9999 -9999 -9999 -9999 -9999 -9999 -9999 -9999 -9999 -9999 -9999 -9999 -9999 -9999 -9999 119.6844 122.8194 133.0021 140.8171 142.8145 137.5421 125.7963 114.5441 117.8287 129.9978 144.0405 163.3601 185.0422 175.9191 164.8242 166.6677 196.3776 205.6309 209.0199 200.9538 172.9118 162.0404 151.3693 139.3302 119.808 113.52 107.1229 100.6401 92.09892 90.68095 87.58183 84.32034 81.03187 80.95391 80.80116 81.1245 80.56372 79.69201 78.50987 79.01355 80.88705 81.12151 80.39819 79.41383 78.83142 79.11076
-9999 -9999 -9999 -9999 -9999 -9999 -9999 -9999 -9999 -9999 -9999 -9999 -9999 -9999 -9999 -9999 -9999 -9999 151.3692 143.2119 156.8008 171.318 176.75 161.2269 142.1155 128.5955 129.3766 139.3292 148.5036 166.9811 201.916 206.22 205.2765 207.7954 214.5139 206.6433 195.2681 180.1735 153.6068 141.474 130.3443 119.8458 110.1338 110.6377 109.0243 104.6749 89.15483 84.63221 79.79787 79.19195 77.64636 76.96457 76.18787 76.27526 75.64116 75.09292 74.38946 73.75341 72.82017 72.74432 72.87379 72.68139 70.20676 69.53996
-9999 -9999 -9999 -9999 -9999 -9999 -9999 -9999 -9999 -9999 -9999 -9999 -9999 -9999 -9999 -9999 -9999 -9999 166.4015 155.2759 166.6945 183.5872 189.9121 170.0463 147.2738 135.1752 141.0994 153.7935 158.1397 173.411 206.2329 218.3448 220.1761 218.9927 205.2225 192.3854 180.5345 168.4361 143.8188 132.6239 120.3886 114.0918 123.8444 125.4379 123.5763 118.0205 101.3356 91.80058 84.65204 81.49409 78.55935 77.57623 76.01486 75.43033 74.466 73.3314 72.27058 71.24488 69.29066 69.29359 69.68115 69.72277 67.90263 67.0543
-9999 -9999 -9999 -9999 -9999 -9999 -9999 -9999 -9999 -9999 -9999 -9999 -9999 -9999 -9999 -9999 -9999 -9999 183.2795 171.1753 177.3899 195.8488 197.0795 177.4677 158.249 144.4307 153.0476 169.2945 175.3754 185.3524 218.1404 225.2118 221.4647 217.5795 196.1791 181.8345 169.577 157.17 135.0043 123.1027 115.9234 123.2858 141.1753 143.4045 137.7027 130.1077 113.2904 102.3452 92.25532 86.86787 81.00735 79.06475 76.74693 75.41612 74.80618 74.5686 73.19643 70.64194 69.02362 69.02362 69.02362 69.02362 64.90894 64.03664
-9999 -9999 -9999 -9999 -9999 -9999 -9999 -9999 -9999 -9999 -9999 -9999 -9999 -9999 -9999 -9999 -9999 -9999 199.5763 185.4224 188.846 208.3712 206.6568 190.55 173.8979 156.9932 163.9927 183.8871 193.5097 201.1233 226.8467 220.7135 212.3126 205.6582 185.8168 173.7716 160.5811 148.1612 126.2832 116.6081 121.9206 136.2592 157.6005 158.3799 153.0423 145.0365 123.7466 113.3931 100.8634 93.08708 86.83807 80.30611 77.42531 75.65887 76.34617 76.86107 75.79532 72.60755 69.02362 69.02362 69.02362 69.04891 60.75053 60.49161
-9999 -9999 -9999 -9999 -9999 -9999 -9999 -9999 -9999 -9999 -9999 -9999 -9999 -9999 -9999 -9999 -9999 -9999 235.9531 226.8184 225.7191 240.5215 227.0491 203.505 187.8616 176.5717 182.4386 198.9583 220.0418 236.8242 214.4475 196.9043 186.3984 179.0671 165.683 153.2822 141.7619 133.3826 120.7693 123.3747 135.0872 147.0509 175.1021 183.9336 185.6235 173.236 146.2155 130.8374 118.4968 109.6181 86.77193 79.86337 77.42834 77.49418 84.85126 91.13868 95.01192 93.15275 78.60757 77.40186 74.20755 68.1139 58.38123 57.11356
-9999 -9999 -9999 -9999 -9999 -9999 -9999 -9999 -9999 -9999 -9999 -9999 -9999 -9999 -9999 -9999 -9999 -9999 -9999 248.4694 249.6525 255.9473 237.1515 212.3484 201.0121 194.6104 195.3177 212.8772 234.4336 239.1408 203.5382 189.6643 180.3723 171.3799 152.2906 142.9331 135.6103 128.4172 129.1074 130.0394 137.3503 146.665 176.5793 189.9193 191.1943 179.6537 145.3136 129.4921 116.672 104.686 83.49786 78.98362 77.60757 79.07071 95.93469 104.597 109.2655 106.6434 91.52139 89.78408 86.27582 82.0678 60.43563 58.53932
-9999 -9999 -9999 -9999 -9999 -9999 -9999 -9999 -9999 -9999 -9999 -9999 -9999 -9999 -9999 -9999 -9999 -9999 -9999 -9999 261.2237 261.1776 252.3448 234.6609 223.8003 211.0121 209.1122 229.6255 242.6186 229.4319 194.1893 183.7698 173.9182 165.4116 143.889 137.2358 131.8355 126.5799 140.7174 140.8331 141.1921 148.2791 181.7858 190.5937 184.9844 172.209 138.5872 123.1665 107.6999 94.91879 81.15623 78.47316 79.26 83.89169 102.8141 113.0467 119.3584 119.6727 107.0412 102.6547 96.69241 89.88763 74.9213 61.93571
-9999 -9999 -9999 -9999 -9999 -9999 -9999 -9999 -9999 -9999 -9999 -9999 -9999 -9999 -9999 -9999 -9999 -9999 -9999 -9999 -9999 -9999 253.8145 245.775 235.7871 228.0998 230.0088 241.0467 234.5403 220.3526 188.4507 178.5096 167.9362 160.6677 140.4985 136.8174 132.276 129.7602 147.3675 149.5426 148.4747 157.5787 184.2838 179.6283 172.7013 164.0661 132.0914 114.3727 97.36453 88.57887 79.97172 79.89542 84.86725 91.62138 109.1299 119.8165 122.6495 119.3505 114.9569 111.4948 103.5895 95.3133 80.81225 67.83031
-9999 -9999 -9999 -9999 -9999 -9999 -9999 -9999 -9999 -9999 -9999 -9999 -9999 -9999 -9999 -9999 -9999 -9999 -9999 -9999 -9999 -9999 -9999 -9999 -9999 -9999 220.4281 225.0183 217.5119 204.6382 180.739 169.434 162.2306 155.7936 154.379 146.4815 138.4107 137.4958 151.2518 162.864 171.544 173.996 163.1687 155.3094 146.2762 138.656 119.586 109.2486 94.16656 86.85268 84.87101 89.13202 95.41507 104.1559 117.0311 114.2998 106.9818 96.58364 91.74977 93.66547 93.98396 88.40759 77.11456 69.20043
-9999 -9999 -9999 -9999 -9999 -9999 -9999 -9999 -9999 -9999 -9999 -9999 -9999 -9999 -9999 -9999 -9999 -9999 -9999 -9999 -9999 -9999 -9999 -9999 -9999 -9999 202.045 210.2353 205.1777 192.9324 172.883 167.0938 160.3362 161.2991 158.3692 152.0891 145.7025 144.1481 150.953 163.7482 168.1588 165.5846 152.5573 143.5278 134.5619 126.5357 108.7045 100.1015 90.33504 85.8959 88.68787 93.14367 98.2719 108.7863 112.7723 106.4346 94.97839 87.63666 82.36884 84.50753 85.84142 83.29778 71.40871 67.07682
-9999 -9999 -9999 -9999 -9999 -9999 -9999 -9999 -9999 -9999 -9999 -9999 -9999 -9999 -9999 -9999 -9999 -9999 -9999 -9999 -9999 -9999 -9999 -9999 -9999 -9999 184.4201 197.0573 205.8245 193.3628 176.5851 169.2579 168.7059 171.2836 162.5851 156.781 153.2506 153.4668 158.5983 163.6919 161.6526 156.5572 137.651 129.0591 121.9135 112.8542 97.93648 92.85838 88.06865 87.55424 91.33551 96.41719 103.9398 112.3669 106.7029 96.83813 87.3572 82.40913 77.14643 78.81797 80.79663 78.13987 67.82597 64.48174
-9999 -9999 -9999 -9999 -9999 -9999 -9999 -9999 -9999 -9999 -9999 -9999 -9999 -9999 -9999 -9999 -9999 -9999 -9999 -9999 -9999 -9999 -9999 -9999 -9999 -9999 -9999 192.3684 204.5481 200.8535 183.6445 177.7841 180.1263 181.7869 168.0899 162.4124 160.4484 160.7282 155.4207 153.1091 148.061 140.9462 124.8825 117.5545 109.4682 100.5199 94.77647 92.48753 91.97165 92.89355 95.16614 97.7912 105.0999 108.0818 94.21107 88.08574 82.78764 77.71423 72.29076 73.93546 74.53755 71.39726 66.21219 62.43615
-9999 -9999 -9999 -9999 -9999 -9999 -9999 -9999 -9999 -9999 -9999 -9999 -9999 -9999 -9999 -9999 -9999 -9999 -9999 -9999 -9999 -9999 -9999 -9999 -9999 -9999 -9999 -9999 197.9369 200.6931 188.8234 184.6089 184.8457 186.7496 184.6073 181.6631 174.5817 163.5119 141.0548 133.3343 124.7994 117.4954 111.8608 111.271 111.0837 110.8871 107.9113 107.556 106.2069 105.5769 97.87842 90.15289 89.73656 88.98778 81.06696 75.63483 71.32028 69.20338 67.05297 67.03885 66.91239 66.19337 64.5483 63.86372
-9999 -9999 -9999 -9999 -9999 -9999 -9999 -9999 -9999 -9999 -9999 -9999 -9999 -9999 -9999 -9999 -9999 -9999 -9999 -9999 -9999 -9999 -9999 -9999 -9999 -9999 -9999 -9999 194.5114 196.1196 184.3384 178.9239 177.3828 183.0441 194.8308 188.6022 174.8744 162.6366 149.2235 137.6325 126.8372 122.6545 122.5642 122.5013 122.4213 121.9301 117.1857 113.2043 108.2192 103.4517 88.89622 85.46558 83.9604 83.53144 78.3455 72.2942 68.28062 67.07714 64.86153 64.72322 64.70532 64.0621 61.17387 61.07312
-9999 -9999 -9999 -9999 -9999 -9999 -9999 -9999 -9999 -9999 -9999 -9999 -9999 -9999 -9999 -9999 -9999 -9999 -9999 -9999 -9999 -9999 -9999 -9999 -9999 -9999 -9999 -9999 -9999 190.1139 -9999 -9999 -9999 -9999 200.1555 198.4706 179.2128 170.7022 149.7716 137.5131 132.5276 131.5529 132.5644 133.2583 132.3841 129.7994 119.2846 111.1971 103.8918 94.38982 85.43131 81.73465 79.32841 78.1348 74.78814 71.14497 68.02229 65.66774 62.48367 62.33725 62.63197 62.52343 55.29359 55.58853
-9999 -9999 -9999 -9999 -9999 -9999 -9999 -9999 -9999 -9999 -9999 -9999 -9999 -9999 -9999 -9999 -9999 -9999 -9999 -9999 -9999 -9999 -9999 -9999 -9999 -9999 -9999 -9999 -9999 -9999 -9999 -9999 -9999 -9999 189.3882 193.6532 180.5632 171.1292 153.3218 144.3834 139.3565 138.7021 143.1039 144.8717 140.8254 135.2609 122.3262 115.763 108.2269 93.30444 84.11745 80.0974 77.52396 74.01832 70.39542 69.19352 66.82024 64.34239 60.11871 59.89707 60.05162 60.58828 53.25878 53.25878
-9999 -9999 -9999 -9999 -9999 -9999 -9999 -9999 -9999 -9999 -9999 -9999 -9999 -9999 -9999 -9999 -9999 -9999 -9999 -9999 -9999 -9999 -9999 -9999 -9999 -9999 -9999 -9999 -9999 -9999 -9999 -9999 -9999 -9999 -9999 184.4597 182.2619 178.3329 177.0504 176.0027 176.4151 178.4958 183.7533 179.5687 169.3066 164.5841 138.5858 129.228 119.8742 109.0382 91.76144 85.98412 79.67085 75.80193 67.97678 65.61279 64.14683 62.94758 57.99068 53.27551 53.25878 53.25878 53.25878 53.25878
-9999 -9999 -9999 -9999 -9999 -9999 -9999 -9999 -9999 -9999 -9999 -9999 -9999 -9999 -9999 -9999 -9999 -9999 -9999 -9999 -9999 -9999 -9999 -9999 -9999 -9999 -9999 -9999 -9999 -9999 -9999 -9999 -9999 -9999 -9999 -9999 185.6318 188.2965 197.4916 198.8855 200.6509 202.971 204.8737 197.3427 190.281 182.9557 151.8101 137.9062 126.9768 116.822 101.1994 90.09512 84.69809 81.16337 69.76243 67.10254 66.1558 64.99596 64.25327 63.61021 62.70349 61.51524 53.46478 53.25878
-9999 -9999 -9999 -9999 -9999 -9999 -9999 -9999 -9999 -9999 -9999 -9999 -9999 -9999 -9999 -9999 -9999 -9999 -9999 -9999 -9999 -9999 -9999 -9999 -9999 -9999 -9999 -9999 -9999 -9999 -9999 -9999 -9999 -9999 -9999 -9999 191.8349 204.0762 217.829 223.1689 224.6067 225.879 226.4517 215.0643 208.3854 196.8947 158.52 142.2069 132.5809 123.596 106.6339 98.08655 91.666 85.40031 69.99065 69.29472 69.28764 67.36918 72.00676 71.20918 70.16094 68.58643 60.4966 53.25878
-9999 -9999 -9999 -9999 -9999 -9999 -9999 -9999 -9999 -9999 -9999 -9999 -9999 -9999 -9999 -9999 -9999 -9999 -9999 -9999 -9999 -9999 -9999 -9999 -9999 -9999 -9999 -9999 -9999 -9999 -9999 -9999 -9999 -9999 -9999 -9999 -9999 221.8804 243.7424 248.284 248.454 248.6633 245.2144 233.7384 220.7733 200.7144 150.1849 138.5949 130.2426 123.1389 109.66 104.8689 100.72 88.67245 78.55375 79.20178 76.56067 72.57863 80.34509 78.17646 74.42406 70.079 64.62884 63.27592
-9999 -9999 -9999 -9999 -9999 -9999 -9999 -9999 -9999 -9999 -9999 -9999 -9999 -9999 -9999 -9999 -9999 -9999 -9999 -9999 -9999 -9999 -9999 -9999 -9999 -9999 -9999 -9999 -9999 -9999 -9999 -9999 -9999 -9999 -9999 -9999 -9999 -9999 260.3488 266.4725 270.8208 272.8441 260.4122 236.8678 215.0788 201.7447 163.7043 141.83 130.1295 119.8993 102.5962 97.54111 97.8951 96.01948 94.04043 91.57928 89.11594 86.86001 81.22917 77.22761 70.29942 67.87677 62.18921 59.6363
-9999 -9999 -9999 -9999 -9999 -9999 -9999 -9999 -9999 -9999 -9999 -9999 -9999 -9999 -9999 -9999 -9999 -9999 -9999 -9999 -9999 -9999 -9999 -9999 -9999 -9999 -9999 -9999 -9999 -9999 -9999 -9999 -9999 -9999 -9999 -9999 -9999 -9999 -9999 -9999 -9999 -9999 253.0601 240.2446 222.9659 206.8625 166.7309 143.8817 131.8251 123.2977 108.5969 99.67957 92.79309 90.37858 91.95659 90.66959 84.78763 80.83092 76.49206 74.41233 71.49436 68.07577 62.18637 59.59451
