dat/DEM.txt
ncols         258
nrows         248
xllcorner     549290.27599977
yllcorner     3501743.7800992
cellsize      50
NODATA_value  -9999
[rows 168 to 195 of 248, columns 128 to 191 of 258]
27.87101 27.16655 25.14333 23.7236 22.58611 21.59562 20.0359 19.74036 19.50294 19.2799 18.77199 18.52182 18.67111 18.87763 19.20549 19.1218 18.85118 18.50035 18.44313 18.66069 18.79372 18.82691 18.64615 18.47524 18.51315 18.91859 19.39517 19.4457 19.30665 18.87339 21.35248 22.77813 24.0615 25.17215 23.81967 23.27572 23.12787 21.73618 18.43542 16.95632 16.15599 15.51429 13.84671 13.06129 12.4164 12.11314 11.81298 11.6944 11.57841 11.43842 11.08721 10.77096 10.31443 10.01716 9.771282 9.678386 9.519838 9.451626 9.47812 9.540103 9.632427 9.70038 9.700842 9.69112
27.62326 27.49788 26.09554 24.83329 23.80466 22.84289 21.11559 20.42767 20.02472 19.79711 19.2925 18.9593 18.66731 18.44702 18.543 18.43322 18.28592 18.3222 18.73427 18.98573 19.139 19.17532 18.92862 18.61635 18.39368 18.59321 18.69158 18.63024 18.52581 18.37455 20.78557 21.69028 22.57298 22.97062 24.05075 22.31124 20.5556 21.90354 19.58987 18.37781 17.41954 16.3139 14.34264 13.50371 12.76002 12.2614 11.638 11.38284 11.14186 10.915 10.4731 10.23178 9.964823 10.27017 9.701463 9.398819 9.238988 9.213454 9.265952 9.330672 9.421394 9.488517 9.530458 9.534007
25.84392 26.41236 26.98314 26.315 25.63869 25.02593 23.4315 22.56282 21.64401 20.86921 20.21722 19.98062 19.59736 19.05673 18.74371 19.01044 19.37414 19.72089 19.9368 20.05026 20.06071 20.00511 19.47924 18.95586 18.45259 18.18317 17.88875 17.73597 17.51044 17.31642 17.32446 18.79944 19.37207 19.61601 22.29401 22.46639 20.04843 19.16945 20.08856 19.73418 18.33699 17.07041 15.00767 14.12413 13.33044 12.64043 11.57519 11.13625 10.72659 10.34106 9.645339 9.441905 9.44995 9.751676 9.226992 8.746626 8.549986 8.612915 8.785322 8.879337 8.96069 9.036413 9.184345 9.213099
24.46872 25.00382 25.68912 25.7176 25.51828 25.34366 24.47075 23.26075 22.07864 21.15634 20.52979 20.73214 20.03547 19.41203 19.08376 19.5358 19.96261 20.16437 20.32668 20.34221 20.2984 20.19001 19.69653 19.00491 18.44614 18.07673 17.65217 17.49647 17.33065 17.26836 17.45005 18.14928 18.73648 19.32424 20.31769 21.17904 21.43328 19.55657 19.01272 19.04518 18.08519 17.03858 15.16348 14.31746 13.53782 12.83381 11.65078 11.14891 10.68395 10.24737 9.453294 9.149711 9.037285 9.012055 8.124559 8.123172 8.10117 8.113166 8.558291 8.619637 8.725327 8.848775 9.075496 9.146908
23.00294 23.54199 24.25661 24.59855 24.79412 24.95869 25.05311 23.50727 22.15752 21.11037 20.64526 21.23 20.33517 19.59989 19.70224 20.06639 20.24714 20.44352 20.67343 20.6414 20.54497 20.37309 19.89833 19.05021 18.37211 17.9588 17.48867 17.34409 17.22518 17.21124 17.62288 18.00615 18.41247 18.82742 19.56436 19.82078 21.07571 19.74418 18.7441 18.59298 17.84255 16.9426 15.23747 14.44381 13.69061 12.99582 11.77798 11.24208 10.74104 10.26907 9.379999 9.004628 9 9 8.304525 8.040453 8.040453 8.040453 8.116021 8.405513 8.670458 8.902666 9.183207 9.186745
21.46073 22.12339 22.87261 23.23514 23.5386 23.80594 23.86764 22.96001 21.78414 20.68531 20.14672 20.42117 20.19539 19.49623 20.11955 20.27124 20.48162 20.69754 20.77658 20.90358 20.75981 20.48691 20.01103 19.0904 18.19335 17.77083 17.39383 17.23814 17.11007 17.11296 17.49916 17.79649 18.12851 18.47793 19.16633 19.48778 19.88754 19.59048 18.50529 18.23212 17.62651 16.83639 15.26135 14.51303 13.79277 13.11928 11.92445 11.38238 10.86955 10.38144 9.428936 9.00466 9 9.05169 10.28074 10.42628 10.07141 8.040453 8.14872 8.576597 8.890221 9.13464 9.353869 9.31264
19.72617 19.88234 20.28028 20.6036 20.90706 21.21581 21.37322 20.9333 20.25291 19.49695 19.35651 19.42113 19.65064 18.95119 20.01789 20.25214 20.50159 20.36409 19.85077 19.9513 20.53813 20.52977 19.71211 19.12146 17.72499 17.62609 17.39369 17.1486 16.9604 16.91472 17.08066 17.26187 17.48811 17.75191 18.29832 18.56455 18.78321 18.72192 17.88818 17.48956 17.1137 16.54399 15.20603 14.53065 13.90932 13.34825 12.29581 11.7843 11.28224 10.79147 9.860477 9.597835 9.686517 10.04938 10.67397 10.37278 10.01171 9.490471 9.094264 9.362899 9.57085 9.703617 9.716691 9.626988
19.4258 19.52859 19.70226 19.82589 19.96241 20.07982 20.41295 20.18046 19.83312 19.81322 19.46132 19.79727 19.80593 18.71038 19.51468 20.11735 20.38074 20.28569 18.62641 17.79955 19.82709 20.59188 20.14168 19.67817 18.29153 17.6261 17.42329 17.15187 16.91377 16.79457 16.83902 16.97566 17.15276 17.3713 17.86105 18.09689 18.27915 18.25725 17.5586 17.13205 16.73935 16.33104 15.13161 14.52326 14.01782 13.53607 12.5624 12.06866 11.57494 11.07645 10.21125 10.05488 10.18925 10.70392 11.86321 12.2692 12.40302 12.53046 11.44227 10.91975 10.10276 9.990125 9.926863 9.77375
19.12839 19.19915 19.33986 19.44497 19.53141 19.59284 19.68024 19.84682 19.92964 20.02649 19.87669 20.65526 20.0834 18.90563 18.78797 19.87428 20.1779 20.29277 17.47268 17.43223 17.9197 20.12732 20.44381 20.18137 19.74277 18.7491 17.6717 17.25912 16.91351 16.69644 16.57994 16.66367 16.80944 16.98978 17.422 17.63119 17.79795 17.80771 17.22921 16.7871 16.37254 15.97672 15.02935 14.60891 14.22626 13.81269 12.90725 12.42735 11.92553 11.41074 10.60242 10.49063 10.70081 11.33985 13.04676 13.99233 15.01937 16.26174 16.4635 13.47453 10.82294 10.65658 10.66868 9.895383
18.81792 18.87401 18.99042 19.06217 19.10915 19.11021 18.95691 18.91581 19.05005 19.20587 19.67564 19.63005 19.18648 18.40606 18.07538 19.11382 19.97934 20.11701 18.66773 17.43223 17.43223 19.04978 20.29757 20.24627 20.10143 19.29542 17.82088 17.32654 16.90042 16.59077 16.3123 16.33648 16.45045 16.60101 16.97716 17.1613 17.32187 17.36138 16.88884 16.45684 16.07178 15.7207 15.24614 14.96612 14.62654 14.24045 13.3542 12.86065 12.33839 11.79845 10.9819 10.88824 11.16692 11.94458 14.11788 15.45644 17.08195 19.36421 20.05805 14.7754 10.81503 11.00872 10.56753 9.977795
18.25051 18.24904 18.28862 18.30924 18.2863 18.1862 17.74568 17.40718 16.97578 16.84021 16.82642 16.83728 16.64488 16.44757 16.72569 17.15364 17.29319 17.38443 17.29825 17.40732 17.73407 18.20307 19.23459 19.36915 19.0788 18.52003 17.41108 16.96723 16.57212 16.22006 15.72145 15.62766 15.67858 15.78703 16.05725 16.18846 16.30563 16.41864 16.36859 16.27254 16.18833 16.16913 16.31889 16.17294 15.89563 15.52074 14.5237 13.95605 13.35 12.70647 11.59953 11.44854 11.8399 12.88649 15.42584 17.00367 18.95276 19.92883 17.80434 13.30021 10.8063 10.8063 10.60208 10.99663
18.06216 18.01992 17.95925 17.9525 17.90254 17.75237 17.26161 16.95549 16.77896 16.77886 16.77276 16.35771 16.35771 16.35771 16.35771 16.37502 16.35771 16.58672 16.98111 17.13905 17.37382 17.69639 18.46205 18.57692 18.32456 17.91102 16.99258 16.59936 16.2428 15.91762 15.38301 15.23086 15.27607 15.35804 15.56281 15.70848 15.91527 16.17348 16.69318 16.6394 16.60137 16.61622 16.83158 16.78006 16.56147 16.22603 15.20688 14.59268 13.93082 13.2209 11.81642 11.53703 12.06762 13.23438 15.73812 17.06637 18.21582 18.46102 15.65749 12.48681 10.81634 10.81226 11.24305 12.03275
17.94492 17.86653 17.70232 17.61355 17.5318 17.37331 17.01022 16.86301 16.81052 16.79112 16.71836 16.53356 16.54767 16.5566 16.38124 16.35771 16.35771 16.55688 16.90734 16.97958 17.08262 17.23904 17.77501 17.81344 17.57975 17.2511 16.50302 16.16955 15.85529 15.55451 14.99294 14.78295 14.78956 14.78628 15.0942 15.43047 15.84765 16.36496 17.04015 17.07597 17.04176 17.05455 17.29631 17.39223 17.26021 16.97975 15.95525 15.27477 14.52745 13.73805 12.06664 11.43791 12.3451 13.56525 15.91921 16.83982 17.36614 17.19875 14.05618 11.51191 10.85573 10.8534 11.96903 13.10505
17.90761 17.80989 17.56787 17.33974 17.22532 17.13775 16.94819 16.89483 16.86705 16.86618 16.94294 16.89229 16.98509 17.16772 17.17854 16.45249 16.48272 17.0288 17.02621 16.94353 16.87349 16.8535 17.11449 17.08357 16.84338 16.58101 16.06163 15.79339 15.52146 15.24326 14.63942 14.24842 14.03978 14.04065 14.86088 15.44694 16.06228 16.68719 17.40644 17.48906 17.47672 17.47305 17.71215 17.95835 18.00324 17.81307 16.77195 15.97787 15.12197 14.23327 12.39984 11.74783 12.77392 13.94382 16.0361 16.89178 17.51506 17.95695 14.19475 10.94383 10.87002 10.87002 12.70927 14.22581
18.11125 18.04937 17.88982 17.71553 17.44989 17.21393 16.98835 16.98203 17.04849 17.16258 17.48884 17.72272 18.02854 18.33644 19.05368 19.57687 19.18908 18.43899 17.64423 17.28655 16.91512 16.51122 15.84909 15.79148 15.80116 15.74766 15.48765 15.3127 15.11771 14.90927 14.46144 14.26733 14.1389 14.04033 15.30001 16.082 16.81111 17.49031 18.31243 18.41528 18.32761 18.2112 18.35871 18.74529 19.26315 19.72366 18.69685 17.4461 16.18439 14.91679 12.99068 13.26792 14.38087 15.50634 17.44642 18.45449 19.68843 21.06468 16.0117 13.77849 13.238 13.6915 14.55343 15.77361
18.3771 18.34194 18.18293 17.98043 17.66306 17.35192 17.00282 17.05688 17.19403 17.37903 17.84434 18.13451 18.46663 18.78518 19.44933 19.68901 19.51306 18.91175 18.0114 17.6109 17.18227 16.69872 15.63802 15.67238 15.68666 15.62434 15.37999 15.22298 15.05332 14.87828 14.55048 14.43487 14.36278 14.3586 15.76735 16.55743 17.2896 17.96211 18.88739 18.99229 18.8182 18.54552 18.5552 19.09336 19.65874 20.45074 19.47969 17.5525 15.97154 14.5627 13.14821 13.88556 15.13327 16.38386 18.34913 19.35226 21.29176 20.40688 16.32863 15.52122 15.89196 16.86764 14.7295 14.7295
18.70087 18.67722 18.50214 18.25748 17.90536 17.51873 17.01847 17.14856 17.36996 17.63238 18.21047 18.53377 18.86119 19.15469 19.64475 19.75658 19.62454 19.27352 18.40773 18.00663 17.591 17.13816 16.11522 15.85764 15.7421 15.63111 15.36661 15.21942 15.06968 14.92461 14.70288 14.67823 14.71027 14.84187 16.1856 17.0576 17.83943 18.51092 19.53588 19.6586 19.35763 18.98202 18.91381 19.42767 19.8781 21.23242 19.68911 16.63864 15.04601 13.92686 13.2515 14.39299 15.78373 17.28102 19.06986 20.31032 22.3437 19.26005 19.63402 17.83682 17.4425 19.90816 18.25239 17.17121
19.0656 19.0561 18.84138 18.55241 18.16741 17.74021 17.02242 17.30448 17.62626 17.94128 18.58767 18.93922 19.24647 19.47293 19.78484 19.82948 19.71506 19.4889 18.82383 18.4621 18.08745 17.67267 16.5524 16.18626 15.91888 15.73299 15.42373 15.28082 15.14735 15.02905 14.91094 14.946 15.0447 15.24342 16.51014 17.47301 18.39403 19.18467 20.38601 20.78066 19.67748 19.07545 19.41627 19.96509 21.09469 22.22676 19.6206 15.30171 13.23059 13.18519 13.30387 14.3261 15.95728 18.12029 20.67821 22.70808 21.59057 19.50455 21.25476 19.49244 18.78851 20.71781 21.59303 22.00165
19.7538 19.98826 19.54443 19.10462 18.66923 18.30005 17.99124 18.17949 18.45316 18.7346 19.34522 19.80277 20.11446 20.06959 19.95322 19.92995 19.90562 19.8109 19.46747 19.25433 19.0185 18.70233 17.32321 16.79933 16.406 16.10849 15.68992 15.54281 15.42834 15.34353 15.33231 15.43382 15.60611 15.87358 17.0182 17.97784 18.97761 20.04459 23.19999 20.1472 19.57971 19.85457 19.94161 22.06375 23.95735 24.26387 19.5938 15.36301 13.19256 13.19256 13.19256 14.45297 17.45944 19.32957 23.34418 24.41082 23.85802 23.29688 23.69972 23.44522 22.73581 23.62506 24.2543 22.64219
20.77053 23.0519 19.79107 19.33702 18.92077 18.63333 18.51373 18.73287 18.98256 19.1972 19.58926 20.11458 21.59093 21.98344 20.07841 19.9711 19.95611 19.93691 19.76835 19.64984 19.51885 19.24731 17.66798 17.05312 16.60481 16.27288 15.82578 15.67854 15.57115 15.49982 15.52258 15.64369 15.83506 16.11881 17.22601 18.13608 19.06062 19.88882 24.39097 21.23952 20.88174 21.70471 19.96942 22.94714 24.87182 23.77788 19.38972 15.28237 13.19256 13.19256 15.30383 19.44672 20.60452 21.33496 23.46667 24.66863 25.2721 25.27671 25.74725 25.64421 25.41602 25.80969 23.68029 21.27388
26.19198 26.84566 20.12403 19.56658 19.14804 18.94806 19.00635 19.25011 19.59013 19.85913 20.13705 21.65916 23.59325 22.04129 21.30658 20.26385 19.98894 19.98172 19.97681 19.97753 20.07948 19.90466 17.98114 17.27041 16.76056 16.39461 15.92819 15.79159 15.70679 15.65993 15.71362 15.84119 16.0353 16.32654 17.41136 18.2769 19.1096 19.77077 24.13902 24.95238 24.29641 22.69379 19.8821 23.76332 26.2263 21.89404 18.02716 15.38061 13.99167 14.05176 16.58508 20.20898 21.08493 21.97593 21.9998 23.89598 25.30171 26.11668 26.77328 25.91148 25.42747 25.57347 23.66623 20.20311
30.63379 30.26153 22.35718 19.79313 19.28479 19.24768 19.46159 19.69036 20.16641 20.68148 22.11973 23.12978 23.08851 20.07934 20.02434 20.05944 19.9991 20 19.98899 19.9735 20.35521 20.82045 18.27254 17.4549 16.86566 16.46233 15.9939 15.89125 15.84181 15.82927 15.92305 16.04918 16.22766 16.50162 17.58557 18.37242 19.05791 19.61198 22.03927 24.00097 26.42108 24.70337 21.92675 26.03186 25.1376 19.98927 16.14024 15.33148 15.95131 15.88356 15.81412 18.43756 19.82899 19.47222 21.16491 23.402 25.1677 26.41707 25.73203 23.85518 22.787 23.18157 24.50503 21.52605
27.29542 23.74758 19.29688 19.1719 19.56398 19.77929 21.39963 21.91809 22.41711 22.91718 23.97935 23.84342 23.11533 21.71257 20.07712 19.76651 19.24623 19.15321 19.30652 19.54509 19.7485 19.71324 18.68382 17.82311 16.97475 16.38546 16.01781 16.05303 16.13176 16.2376 16.46354 16.56409 16.68007 16.81809 17.67151 18.10808 18.50019 18.83555 19.7574 21.60716 23.88018 26.11534 27.88688 24.81115 20.30738 16.08467 16.09597 17.78671 20.27497 20.76971 17.68345 15.30554 16.56046 18.72628 20.34411 23.07934 25.54242 27.64016 23.40632 20.57034 19.0743 18.53759 23.06952 24.52674
21.28792 19.35405 19.10709 19.10709 19.10709 19.57251 23.55205 23.89191 24.15078 24.36555 24.97826 24.62884 23.69169 22.50615 20.9353 20.09905 19.02652 19 19.24378 19.48202 19.64138 19.54475 18.69295 17.97147 17.13431 16.29502 15.98902 16.16486 16.35945 16.54544 16.81344 16.91751 17.0032 17.06563 17.54702 17.95439 18.31636 18.61866 19.36369 20.14623 21.13219 23.15101 27.86519 23.53089 16.16803 16.20347 17.79179 19.63981 22.69105 22.36501 18.82056 15.87615 17.62218 20.30486 23.22792 24.9611 26.58747 27.09013 23.38877 21.0086 18.94625 15.93303 21.57452 23.94566
19.10709 19.10709 19.10709 19.10709 19.10709 22.79056 25.84968 25.84675 25.75071 25.76462 26.11813 25.22429 23.96826 22.90672 21.68709 20.6764 19.573 19.03652 19.2481 19.46359 19.58543 19.492 18.74503 18.0983 17.29951 16.47149 16.19599 16.49376 16.76676 16.98722 17.25504 17.31907 17.33875 17.26391 17.55251 17.92262 18.26921 18.55041 18.66862 18.43846 18.57912 20.25174 28.60674 25.01787 22.25376 22.02789 19.53921 22.41289 24.52334 22.24274 18.14514 16.55938 17.59658 20.46947 24.57392 25.74954 26.7832 26.6769 23.46865 21.29633 18.72493 13.90331 20.28031 22.6577
22.6739 19.73564 23.60158 26.55531 28.43679 29.4838 27.70286 27.04378 26.52421 26.2482 26.29905 24.94522 23.77039 22.82968 21.32143 20.42686 19.70957 19.38177 19.33018 19.47705 19.59396 19.53173 18.88422 18.2956 17.56328 16.85868 16.78592 17.09764 17.39654 17.63074 17.8073 17.76392 17.60149 17.32603 17.63523 17.98991 18.33502 18.62586 19.33136 18.21633 18.19473 20.54403 28.02881 27.51393 25.48076 24.3263 23.53331 25.70319 21.62737 19.56497 17.20023 16.65397 16.94383 19.44514 23.24241 25.74912 26.86259 26.52032 23.3772 21.3132 17.2123 13.39167 16.48335 20.8336
28.95049 27.15192 31.98082 33.12231 31.15414 30.30919 28.01987 26.92879 25.87094 24.82812 22.59233 22.19429 21.79546 21.27324 20.01884 19.96464 19.84286 19.73301 19.60864 19.63454 19.71434 19.78442 19.41273 18.89498 18.30629 17.84387 17.8049 18.18124 18.69655 19.14289 19.11704 18.1845 17.33063 17.17409 17.89751 18.45624 18.90282 18.73077 22.41262 21.98636 21.08928 21.90228 28.32137 31.57569 30.08921 27.42341 24.36183 23.63819 22.33587 22.27302 22.3944 20.13903 17.5563 18.37473 23.25599 26.46128 28.31819 25.86115 21.81377 20.67632 15.81031 13.38801 13.56001 15.14511
27.67526 29.17783 32.98574 30.93502 29.35194 28.93294 27.15016 26.11885 24.98277 23.69515 20.72136 20.44399 20.46452 20.28087 19.95638 19.92838 19.86592 19.81334 19.74452 19.73762 19.78183 19.8756 19.78353 19.34146 18.81536 18.29934 18.17798 18.60269 19.18854 19.74198 19.70152 17.76345 17.20165 17.20165 17.80729 19.51986 19.95186 19.03156 21.73919 24.3523 24.07042 24.60279 29.02417 32.9339 30.83997 26.79744 24.75027 25.40884 25.39569 24.77522 21.5048 19.28398 17.93011 19.80083 26.56485 28.03644 25.3747 22.87232 18.92265 17.97032 16.06806 13.6951 13.78166 13.07242
