dat/DEM.txt
ncols         258
nrows         248
xllcorner     549290.27599977
yllcorner     3501743.7800992
cellsize      50
NODATA_value  -9999
[rows 196 to 223 of 248, columns 128 to 191 of 258]
26.51145 29.85915 32.38821 29.72548 28.35779 28.01091 26.34308 25.35519 24.25768 22.92553 19.59608 19.54177 19.62616 19.89558 19.85359 19.85577 19.84595 19.84073 19.85305 19.8474 19.87731 19.96326 20.94503 19.96987 19.37257 18.74604 18.41581 19.02957 19.67579 21.4728 20.05146 17.9537 17.20165 17.20165 18.85377 21.95555 21.06498 19.50119 20.51716 22.94242 24.00395 25.12741 29.5921 31.66865 29.79235 25.90285 27.73602 28.72062 27.37433 25.45017 20.16284 18.75369 19.4652 22.56631 27.73377 24.59167 21.78981 19.90717 16.63106 15.8123 15.41874 15.46972 16.71137 15.54104
26.15036 30.05575 30.99465 29.4959 28.01647 27.27731 25.65747 24.73484 23.7221 22.51475 19.55333 19.54177 19.55707 19.94305 19.71132 19.74083 19.78342 19.82516 19.92244 19.93538 19.97005 20.30222 22.23126 21.09074 19.92984 19.19425 18.82141 19.51412 20.99916 24.3227 19.89223 18.73071 17.20165 17.20165 19.84573 23.63675 23.0594 20.05279 19.99673 20.8166 22.63392 24.27709 28.01998 29.68593 29.67043 29.7922 30.45626 30.09193 27.74181 25.28879 20.35023 20.1434 22.21632 25.3289 25.25826 21.00403 19.1001 17.73896 17.46834 16.53678 16.55234 18.09594 19.75393 18.52265
23.74949 26.06477 27.41368 26.85487 26.00802 25.4157 24.30469 23.77574 23.22522 22.54631 19.74568 19.55588 19.84089 19.38304 19.30529 19.41352 19.53856 19.6659 20.01368 21.77011 22.5501 23.47759 23.60736 20.42378 19.71068 19.77835 19.76709 21.73144 24.8266 27.20005 21.87736 19.55883 19.33644 20.71038 23.46401 24.97257 27.64625 28.1005 22.55414 20.34483 20.04689 21.51418 24.43958 25.99431 27.47101 28.84678 30.76024 29.07063 27.39564 26.0199 24.9057 25.83749 26.92688 27.41837 23.1285 20.29073 21.01267 22.20934 22.15516 19.3817 19.21763 21.42917 23.09039 22.72106
21.56836 23.15451 24.6786 24.86117 24.44508 24.1293 23.52739 23.30867 23.16228 22.94685 20.66452 19.88327 19.64745 19.08996 19.07989 19.25163 19.42489 19.58724 20.13924 22.78308 24.30779 24.74945 23.02413 20.24868 19.42941 19.42941 19.72976 22.70576 26.37237 29.6369 23.60859 19.75418 19.72278 21.988 28.10021 27.71165 28.18036 30.99341 26.69805 23.51951 21.18579 22.29049 25.4239 26.51321 27.77613 29.64971 31.02499 29.88704 27.5964 26.89215 26.91123 27.35114 27.45228 26.92523 23.26942 22.21159 24.25218 25.70064 23.72718 21.9303 21.56775 23.17849 24.48724 23.86076
20.84939 20.95003 22.0491 22.65916 22.69063 22.53254 22.52288 22.72755 23.14704 23.53075 21.33325 20.37366 19.65454 19.02934 19.02772 19.2074 19.39396 19.57785 19.98376 22.71004 25.70597 26.12798 22.96959 19.94602 19.42941 19.42941 19.42941 22.56911 26.61834 30.85256 24.69991 19.99884 19.91828 22.96343 30.62042 31.69029 31.80322 32.6441 28.71005 25.26842 22.91457 23.63528 27.33492 28.14303 28.4816 29.92301 31.25918 30.14656 28.51728 28.52331 28.62752 28.41373 27.89489 26.77602 23.26282 23.30443 26.68255 29.26698 26.47067 25.65898 25.39103 26.05604 24.64456 23.09475
21.81996 22.14918 21.46757 20.96373 20.81004 20.69519 21.02575 21.57393 22.12177 22.37914 21.52999 20.71336 19.80532 19.35815 19.20223 19.29947 19.44932 19.62368 19.98072 23.52641 27.38804 28.13392 23.08754 19.75983 19.42941 19.42941 20.29962 22.81591 25.00871 27.09643 23.08344 20.82019 20.40615 22.21194 26.43051 29.43801 31.07681 31.358 27.78103 25.20215 24.51336 25.20811 29.42824 30.02295 30.14106 30.41833 31.37772 31.34314 30.17154 30.42902 29.66265 29.13747 28.32696 26.78508 22.62848 24.02368 28.67133 32.58614 27.79694 26.95656 27.18672 25.90698 22.62684 21.04504
26.09813 27.54865 27.63161 25.10648 20.9532 20.12169 20 20 20.01842 20.01546 20.02662 19.99883 19.87266 19.74197 19.63191 19.63733 19.67575 19.75211 21.80796 26.04386 30.71692 30.98 26.87912 25.25379 23.40036 21.05112 21.38792 28.03143 30.42655 28.88317 23.55192 21.58541 20.72796 21.19422 24.41966 28.75849 30.38268 30.37905 27.98488 29.11616 30.27867 29.45691 29.59042 30.66019 30.84857 30.8565 29.05596 28.09814 29.02278 30.12864 30.82682 31.22682 30.57116 29.94238 24.45705 24.11897 25.09854 26.03851 24.27486 23.04672 21.49399 19.98642 19.85098 19.71844
28.32626 30.07495 30.34233 29.81149 27.48356 23.571 20 20 20 20 20 19.98906 19.91058 19.83268 19.75672 19.75701 19.78053 19.8316 22.36652 26.41436 30.48615 30.10919 28.96751 28.16051 26.52663 22.58544 20.8338 26.71996 31.77858 31.66858 23.83969 21.01239 20.61222 21.09498 25.98111 29.78807 30.79609 31.74294 30.00805 31.06338 32.25029 32.33769 30.80784 31.4387 30.96024 30.7215 28.57919 26.72186 26.89755 27.56876 28.35249 29.32991 30.33229 30.95211 27.65844 24.317 22.25046 22.78 21.80687 20.7287 19.99606 19.89814 19.77785 19.79919
30.3159 31.14421 31.18626 30.56274 30.03138 25.89057 20.56033 20.62125 20.61216 20.26963 20 19.99437 19.95656 19.91421 19.86483 19.86501 19.88138 19.91324 23.05029 26.20326 28.73828 29.88339 29.99637 29.99884 30.37645 25.31472 20.8338 24.66342 29.91659 32.97075 22.94475 20.11604 20.11604 20.11604 24.17142 26.49347 28.80352 30.71417 32.9632 33.60135 33.31786 32.07164 31.68818 31.17601 30.01428 29.24768 26.76682 25.30895 24.7053 24.59385 25.02752 26.07231 27.73232 29.99272 29.45694 25.1554 22.44404 20.20581 19.16471 19.0979 19.93827 19.95587 21.04486 21.26562
30.82749 31.79884 30.55421 30.06657 29.77745 27.24609 22.77447 22.47622 22.20243 21.59011 20 19.99856 19.97705 19.94865 19.91218 19.91234 19.92617 19.95328 23.23012 25.89294 28.10392 29.46639 30 30 30.96434 26.96188 20.8338 23.79371 29.97872 32.26325 22.84792 20.11604 20.11604 20.11604 22.22437 25.9167 29.27204 30.68889 33.39867 33.59211 32.38171 30.23872 28.85227 29.01856 28.31219 27.40772 25.30092 24.7909 24.20605 23.13002 22.85809 24.18535 26.28587 29.08777 27.77829 26.49612 24.17817 21.20722 19.0979 19.0979 19.62156 20.61003 22.51578 23.21558
32.25041 30.09684 30 30 30 29.97346 27.72375 25.92312 24.25914 22.20175 20 20 19.99993 19.99681 19.98904 19.99091 19.99689 20 23.42842 25.5904 27.52142 28.98018 30 30 30.62824 32.25749 22.95782 22.95782 26.45222 28.60591 26.94202 30.03761 27.4336 20.11604 20.11604 23.84707 27.8991 30.31512 33.89401 33.60438 31.49999 27.72581 26.3755 27.50378 27.13275 27.13252 29.02368 29.53243 27.61277 22.13762 21.17514 21.17514 22.24608 24.11811 30.63893 30.09601 26.82776 23.32758 19.14049 20.38267 24.90213 25.45542 23.12512 21.32195
31.95932 30.00224 30 30 30 30 27.25783 24.91852 22.76171 20.74582 20 20 20 20 19.9998 19.99996 20 20 23.68199 25.75124 27.61162 29.13208 30 29.99592 29.93479 30.64941 25.92007 27.1162 26.50814 26.79217 29.62164 32.18703 30.90207 25.01619 20.75634 23.28516 25.42983 28.19472 33.51952 34.13097 32.33057 30.43543 28.23369 29.8117 28.78055 28.66684 30.97907 30.90658 30.08176 26.70727 21.17514 21.17514 21.17514 21.84734 26.14694 26.17284 25.01574 22.97184 19.029 19.45474 21.27801 21.62879 20.85623 19.97275
30.9974 30.00007 30 30 30 30 25.42501 22.94634 21.04859 20.02719 20 20 20 20 20 20 20 20.04906 24.5587 26.48813 28.20222 29.64736 30.50419 29.94741 29.68867 29.40044 32.76234 31.82888 30.1421 29.79928 31.95244 34.25474 31.98143 28.3645 24.18724 25.12884 25.13189 28.77192 33.42726 34.78156 33.23423 31.11583 30.9993 31.54934 29.89074 30.38469 32.44901 31.64519 30.70695 29.27768 22.59914 21.17514 21.17514 21.17514 22.98333 23.45403 22.98056 21.71424 19 19.0044 19.76991 19.91772 19.84007 19.74316
30.2935 30 30 30 30 30 23.41301 21.05332 20.24638 20.00066 20 20 20 20 20 20 20.18929 22.45766 26.14156 27.83469 29.44645 31.66454 32.22964 30.07991 29.39898 29.00231 30.50462 32.32948 33.10132 31.56944 32.89581 34.65294 33.64469 31.25782 25.13189 25.13189 25.13281 26.80744 33.98236 33.96161 34.36156 32.91982 32.97679 33.62133 32.72026 32.76827 33.71743 32.06861 30.89072 30.12838 25.53177 22.19881 21.20471 20.93705 21.48292 21.93809 21.92584 21.50726 19.27059 19.05456 19.93157 20.2007 19.87556 19.84079
30 30 30 30 30 29.96602 20 20 20 20 20 20 20 20 20 20.2111 24.42537 29.11866 33.34779 32.63982 30.96828 33.467 34.99343 30.07054 29.08411 29 30.08323 31.10936 33.85091 34.89799 36.95918 39.68899 37.74081 33.67229 28.28502 28.28647 28.7624 28.79142 32.27924 32.24021 33.65285 34.41769 34.0755 33.52827 33.47242 33.51406 31.60874 30.05024 29.19793 29.9302 29.9877 27.93262 25.84801 23.75693 20.35061 20.59114 21.2996 22.63424 26.65702 25.13975 25.06266 25.64199 24.6367 23.6922
30 30 30 30 30 28.28692 20.00004 20 20 20 20 20.29148 22.01606 21.0552 20.35322 22.50794 26.15761 30.31407 36.23812 34.09232 30.8283 32.57048 34.99853 34.17083 31.81456 29.46533 32.00655 32.87015 33.7588 35.64695 38.76874 40.15801 38.92676 33.63112 29.10071 29 29 29.02319 30.30046 31.32427 32.70253 33.5658 33.13521 32.48861 32.13548 31.96572 30.46951 28.86045 27.68737 27.99677 29.99451 29.9009 28.31272 25.80447 20.18369 20.1612 21.05981 22.74458 25.54292 25.20043 24.90042 24.81926 24.55295 23.86892
30 30 30 30 29.53397 25.14338 20 20 20 20 20.42033 23.84621 26.74295 24.4058 20.86797 23.16675 26.11144 29.89447 35.10601 31.45849 29.873 31.79351 34.99977 34.92323 34.99669 31.80578 34.24413 34.93131 35.77204 37.30746 39.79302 40.29437 40.0463 33.84977 29.26049 29.03778 29 29 29.30878 30.53414 31.9356 32.91136 32.23252 31.39994 30.7825 30.42231 28.74347 26.95475 26.02453 25.63396 26.81754 29.58711 29.98839 27.43683 19.84431 19.09758 19.66821 21.38554 24.13949 23.94964 22.91476 21.69365 22.33807 22.69622
28.62726 28.37587 28.39835 28.08667 26.80828 22.94907 20 20 20 20.55692 22.55409 25.78729 29.03102 25.84538 21.07366 22.74688 25.03907 27.92737 30.63246 29.02817 28.86669 30.46937 35 35 34.94857 32.38414 35.93509 36.5329 37.66228 39.23252 40.26768 40.47763 40.44141 38.36507 29.62132 29.30406 29.00479 29 29.24236 30.20312 31.42523 32.59504 31.30088 30.38042 29.30127 28.34747 26.05778 24.86349 24.44949 23.47667 20.52522 23.58581 27.02413 24.77234 19.71723 17.89942 18.28482 19.95774 23.23867 22.15651 20.16988 14.21016 19.58268 20.89077
29.09132 26.57996 23.35777 20.86249 20.36188 20.03031 20 20 20.44349 21.93398 25.45094 30.81499 30.47693 27.42909 22.33307 22.27566 23.89331 25.09219 26.2199 26.94452 27.69561 27.99683 30.55195 31.45794 31.73529 32.48839 36.07293 37.0423 37.4412 39.05819 40.61934 40.75824 40.42123 40.46764 39.75731 34.11523 29.93293 29.93963 31.33746 32.76512 34.04126 35.02747 30.89357 29.11165 27.92657 28.38674 29.29499 29.49334 29.51928 27.08657 20.42865 20.42865 20.42865 21.44897 22.39824 19.20004 16.68505 16.66721 20.93113 17.87239 12.05525 12.05525 12.05374 13.62651
27.83565 25.90507 22.94973 21.06605 20.02902 20 20 20.01182 20.32692 22.16029 29.46718 32.2398 30.63939 27.69353 22.53228 22.83284 24.75678 26.40676 27.91474 28.32575 28.65064 28.84154 29.46304 30.04397 31.57659 32.78239 37.1774 38.83734 38.76896 39.20043 40.72712 40.88612 40.35037 39.48487 40.43666 38.38533 36.01863 35.86321 35.21253 35.60713 36.02647 35.6994 30.75339 29.39845 29.60832 30.40709 31.54323 31.75186 30.95574 28.97138 20.49722 20.42865 20.3676 20.86545 24.17714 21.31579 18.25697 15.12657 18.02512 16.07973 12.49368 12.05525 12.2617 13.23083
25.13267 24.44093 22.48324 21.16651 20.25593 20.00002 20.0854 20.57098 21.49209 22.49123 30.2882 33.14793 30.88565 27.79806 22.53379 23.52472 25.83556 28.00581 30.00076 30.42919 30.64931 30.68181 31.07187 32.19417 33.43054 33.83046 37.44293 40.16821 39.96148 39.96241 40.9083 40.79151 40.14454 38.55085 40.39201 40.40762 40.19138 40.07851 37.73832 37.37151 37.00661 36.0942 32.08761 31.40114 31.80392 32.49868 32.98038 32.42319 30.2245 28.41291 23.0991 22.06569 20.97849 19.9944 21.18092 22.76646 20.71568 17.5052 14.78522 14.69502 16.14079 19.18718 17.16278 17.02689
23.76887 23.24519 21.83104 20.83553 20.3325 20.14001 20.69452 22.0666 23.2393 23.77627 30.1065 33.55057 31.74735 28.22931 22.70945 23.74854 26.00418 28.76557 30.96409 31.87704 32.44128 32.97054 33.43895 34.32626 35.31002 35.8154 38.26559 40.14134 40.5105 40.52699 40.66938 40.23047 38.94698 -9999 40.14045 40.14454 40.26435 40.14681 39.11716 38.54264 -9999 36.8141 34.14407 33.90337 34.23912 34.6835 33.85646 33.25953 31.19388 29.30583 27.662 25.97445 23.37863 19.44758 16.64507 16.64507 21.00719 20.01585 14.24065 15.18612 18.61804 20.89954 21.0181 20.84998
21.44576 21.2497 20.97549 21.45774 21.73536 21.83136 23.26449 26.25062 30.35771 26.74699 25.77104 31.54886 33.54989 28.69562 24.01045 23.80085 24.84153 26.02356 27.64968 28.33739 29.44419 30.91732 34.00156 35.47356 36.86168 38.0424 40.14539 40.44279 40.80329 40.56195 -9999 -9999 -9999 -9999 -9999 -9999 -9999 -9999 -9999 -9999 -9999 -9999 37.39325 36.84678 36.28848 35.51555 31.91448 30.36183 30.2278 30.33561 30.11242 26.34228 22.61278 20.65249 16.899 17.05354 15.82169 15.76687 17.4112 18.22956 19.40665 21.54005 24.01305 23.61849
21.61142 21.699 22.07118 22.56666 22.93623 22.99922 24.12115 29.48838 30.06922 25.31699 25.31631 30.2647 30.96822 27.99217 24.75204 23.94545 25.44242 27.0561 28.23628 28.57417 28.79729 30.34656 34.32808 36.00203 37.51716 38.76799 40.10946 40.48481 40.81578 40.54868 -9999 -9999 -9999 -9999 -9999 -9999 -9999 -9999 -9999 -9999 -9999 -9999 -9999 37.09782 36.48593 35.52094 32.66748 29.64564 27.33987 22.0155 21.25451 21.25451 21.19755 21.00912 20.49835 19.86321 19.13736 19.00352 20.44382 20.43397 20.95404 22.49206 24.33726 22.91338
22.64045 22.67124 23.03271 23.63931 24.37675 24.452 24.85355 31.88519 28.83047 25.31631 28.6978 32.62455 32.46777 30.34173 25.67244 24.61561 27.33233 29.49733 30.14216 30.13684 29.85193 30.7235 35.0097 36.80389 38.3328 39.48806 40.26689 40.60458 40.80686 40.64053 -9999 -9999 -9999 -9999 -9999 -9999 -9999 -9999 -9999 -9999 -9999 -9999 -9999 36.80066 36.38502 35.589 33.4841 32.50785 29.87543 25.40478 21.25451 21.25451 21.98771 22.4015 21.62488 21.03348 20.63223 20.59721 21.17363 21.85101 22.79191 24.01565 24.27981 22.07152
23.65837 23.68419 23.79079 24.47139 28.96133 30.64124 28.06237 32.71519 29.04762 26.03656 31.87138 33.30011 33.14183 31.41887 25.98111 25.43483 29.4259 30.89929 31.36313 31.50634 31.63305 32.32658 36.08731 37.85276 39.42139 40.10448 40.50341 40.72662 40.68798 -9999 -9999 -9999 -9999 -9999 -9999 -9999 -9999 -9999 -9999 -9999 -9999 -9999 -9999 36.4009 36.26448 35.65689 33.16694 30.78651 30.73428 31.8271 25.35457 22.4051 24.16071 24.1465 22.72031 21.98602 21.45477 21.3676 22.15429 23.02134 24.06249 24.77199 23.95096 21.88387
25.56227 27.579 28.87338 26.74964 25.82936 28.32955 33.27074 34.25006 33.72331 34.29567 36.22805 35.31865 32.55399 28.87556 26.66463 26.66463 30.51903 32.16502 33.76705 34.51427 35.21191 35.87792 39.33639 40.22842 40.45649 40.45372 40.47879 -9999 -9999 -9999 -9999 -9999 -9999 -9999 -9999 -9999 -9999 -9999 -9999 -9999 -9999 -9999 -9999 -9999 36.43755 36.06037 -9999 -9999 -9999 28.28988 29.48914 31.14799 29.89196 28.36863 24.65104 23.42506 22.86834 22.79127 23.96529 25.11317 25.88231 25.95666 24.75656 23.81285
26.72596 30.04056 31.30904 30.3829 28.41412 27.49637 32.06197 34.42285 35.44269 35.83222 36.31247 35.32656 33.10346 30.48763 26.66463 26.94427 30.45539 32.06135 34.55873 35.68252 36.70415 37.44864 39.88141 40.40833 40.08515 40.17549 -9999 -9999 -9999 -9999 -9999 -9999 -9999 -9999 -9999 -9999 -9999 -9999 -9999 -9999 -9999 -9999 -9999 -9999 -9999 35.82153 -9999 -9999 -9999 -9999 -9999 -9999 -9999 29.61662 24.80123 23.76732 23.55954 23.45385 24.73826 26.15689 26.97565 26.88344 25.6285 24.99874
