dat/slope.txt
ncols         258
nrows         248
xllcorner     549290.27599977
yllcorner     3501743.7800992
cellsize      50
NODATA_value  -9999
[rows 112 to 139 of 248, columns 64 to 127 of 258]
3.225354 5.957459 2.494519 5.455363 5.304431 5.193723 4.571857 3.120922 3.584085 2.41406 3.533761 4.386428 7.769325 9.957313 9.923315 7.540433 7.656078 6.228376 6.620199 7.217052 6.048095 6.832088 6.970387 3.335114 2.532803 2.868641 5.504458 5.162886 2.036051 6.609998 4.374321 3.093985 3.013159 5.317284 7.106014 8.434506 8.899185 3.478334 8.126112 4.141579 2.781794 3.127674 0.8199317 4.961973 4.721515 2.404629 2.806938 5.061649 3.497592 2.258731 3.107681 3.709288 4.206177 5.509141 3.669495 2.031855 2.200912 1.94206 1.494882 1.117927 1.054505 0.916593 0.9360623 1.339215
6.415895 8.913045 5.058214 5.993217 7.006489 7.004358 5.771327 5.062599 5.718954 5.884096 5.929545 5.340215 5.631236 7.15913 6.358298 5.525875 6.883031 6.011198 6.55726 7.454557 7.222421 7.224361 6.772194 4.504163 3.414261 4.247243 6.726942 6.012259 4.31673 6.642017 5.941388 4.635341 3.980006 7.267851 8.326604 7.553567 12.21412 2.599112 7.855361 1.831289 2.132606 3.493085 2.282447 5.097274 4.776318 4.033444 0.9675505 5.206406 5.572042 5.808287 5.775263 5.457968 5.706629 7.866089 5.757259 1.333909 1.380587 1.623631 1.608132 1.302136 1.214839 1.127402 1.311861 1.814184
5.336573 6.625458 4.116517 4.513476 5.791769 6.074592 5.309052 5.023201 5.454862 5.976846 5.811861 4.285555 3.240975 3.188651 0.9978114 2.074698 3.287245 2.326571 3.870258 5.112476 4.517676 5.68236 5.886511 4.653792 3.794422 4.453375 7.11524 7.27222 5.092294 6.118335 7.947536 7.269659 6.783381 7.08957 6.356518 2.77723 11.00936 6.49533 5.392722 6.229948 3.478436 3.15097 1.880768 5.053319 4.998443 6.006379 2.367087 2.611394 2.46451 2.340318 2.801034 3.774331 5.620988 9.315595 7.767825 1.428588 0.3347649 0.9759812 1.452908 1.317808 1.171702 0.9371602 1.180058 1.823405
3.954315 3.031017 2.036197 0.2365213 0.895766 1.340819 1.709395 2.056885 1.96236 2.866517 3.343655 2.645429 1.723424 1.851709 1.655953 3.532206 2.264092 0.3095865 2.605985 4.512181 4.095471 4.437967 4.157914 3.45646 3.094285 3.115922 5.284436 6.25922 3.964753 4.113603 8.28008 5.437369 4.222747 4.800008 3.892009 0.9073002 7.806044 10.9308 1.680944 7.042202 5.6327 5.260856 1.424661 3.90576 4.176628 6.376368 3.731241 5.108266 5.377431 4.617353 3.222068 1.407966 4.57616 9.183594 8.835227 2.130053 0.002994786 0.4884648 1.04761 1.14128 1.040674 0.5421633 0.7296317 1.27966
4.841176 2.77896 3.586187 0.3909672 1.382435 0.4499477 0.7229491 1.254242 0.6447926 2.613343 2.79745 3.221886 2.928787 2.177477 3.875656 2.589153 1.894244 2.547983 1.838654 4.326137 5.687062 5.600836 4.103815 2.93463 2.48437 1.884017 3.218729 6.233293 5.481885 2.898642 8.265088 7.515854 4.585814 2.807799 2.038141 0.09107405 5.086228 12.57879 4.48029 6.343453 5.684735 6.139411 2.982496 3.088072 4.587214 6.459378 2.043435 4.816236 4.010744 3.934313 4.567053 1.068207 4.425526 8.574001 8.808084 2.551178 0.03132121 0.2634394 0.6949639 1.017092 1.149598 0.7784115 0.7622964 1.352536
4.784009 3.960667 5.001127 3.465944 2.884011 2.07814 2.375356 3.481508 4.83902 6.006236 5.210336 5.160857 4.941155 3.463043 5.871028 1.515213 4.305974 3.753444 4.740845 6.034892 7.025739 5.914106 3.418344 1.915757 1.365283 0.4753421 1.399756 5.531831 6.893799 0.3607549 6.023205 7.130155 8.594268 8.465885 4.189736 0.006004715 3.012354 12.53633 7.707718 5.740225 6.266545 6.764927 4.887722 3.565787 6.772895 9.237679 3.040098 5.347556 4.743876 5.238543 6.590702 1.781669 4.642807 7.548099 7.656292 3.202674 1.2412 0.3769932 1.117662 2.153973 2.859497 2.768507 1.592868 1.474963
3.463381 3.821697 4.592665 4.100423 3.499345 3.373425 3.97204 4.988131 6.25914 6.660679 5.891146 5.834652 5.130862 5.43299 7.085525 0.1408653 4.420611 3.447809 5.614957 6.878921 6.457233 4.410188 2.120215 1.288769 0.8764148 0.2294346 1.105445 4.176697 6.709803 2.888585 3.365433 3.624839 2.346435 8.124699 7.811214 0.9801421 1.149919 10.80861 10.63927 2.643537 6.921712 8.674392 7.688604 3.369313 5.399891 11.21092 6.162403 6.209417 6.489456 4.816253 8.123462 2.230198 3.891647 5.958561 6.014898 3.811292 2.61252 1.787355 1.183954 1.129323 1.99205 3.001766 2.819544 2.418185
2.965809 2.952183 3.128742 2.98583 2.950695 2.881462 2.919342 3.058159 3.517664 3.227253 2.270174 2.590829 3.309037 7.823191 7.156265 1.862685 4.304686 5.214159 5.323904 4.420925 3.966239 2.313169 0.9259154 1.18766 1.061743 0.5868152 1.345595 3.12387 5.984675 3.933958 4.546364 6.193384 4.830882 4.033757 7.980944 3.483937 0.3029536 8.437622 11.24849 2.04665 5.129321 10.23999 9.602888 3.039876 0.8945449 10.6099 8.19464 6.051784 7.423194 2.346869 7.850737 3.385023 2.669591 4.462845 4.5739 3.192698 3.004143 3.075256 2.763803 2.521573 2.213412 0.2888587 2.213744 2.907898
2.776157 2.144513 2.851101 2.945982 2.7793 2.636606 2.640109 2.694601 2.746772 1.912591 0.5157534 0.3932749 2.069377 8.968884 7.002133 3.341733 4.210066 6.142011 5.951043 4.03186 2.812566 0.8914489 0.3512451 1.378721 1.609778 0.5986247 1.020062 2.168779 5.332537 4.029506 4.303362 5.765185 2.547027 1.746954 5.132006 5.974561 0.8829034 6.773679 10.23902 4.707075 3.139422 11.10183 10.43078 3.254907 0.78818 9.717663 9.446021 4.787486 7.26243 0.4731779 5.898465 4.30385 2.162345 2.983051 3.470304 2.811949 2.871554 3.196235 3.496863 3.364157 3.363032 2.950385 1.585509 1.802798
2.90671 3.46561 4.074598 3.894169 3.547948 3.25524 3.071248 2.865731 2.390955 1.452866 0.799807 0.5337123 0.914672 7.427841 7.164865 3.957324 3.923948 6.419701 5.986515 2.962964 1.376533 1.642516 1.527037 2.152903 2.166938 1.460016 1.299671 2.032543 4.661715 4.887988 3.245459 7.011317 2.745255 3.149408 4.83531 5.86617 2.382002 5.862577 9.294535 6.815872 1.56398 9.453645 11.88797 6.343565 2.30818 7.113017 11.46587 6.603865 5.449543 1.906848 3.638517 4.759073 2.706714 1.366086 2.228155 2.616188 2.657176 2.353388 1.95891 1.753476 1.979082 3.852052 3.733799 1.752753
3.201049 3.552069 3.247381 2.969072 2.931427 2.733916 2.506261 2.190523 1.705383 1.287868 1.17051 1.059698 1.380392 5.124172 5.133935 0.4807152 3.175056 6.600266 5.216269 1.317331 0.2842076 2.534778 1.308314 2.627801 2.985097 2.772349 2.327399 3.088614 4.418422 6.420978 1.011232 7.439197 6.1723 4.193478 6.407361 5.783029 2.960061 5.256415 7.886474 6.696103 4.974978 4.282617 10.84002 9.390249 5.991487 1.841452 8.228202 7.255811 2.911298 2.820605 2.468458 4.816748 3.353181 1.137069 1.06867 2.218066 2.237176 2.349965 2.900075 2.94664 1.788937 1.160522 3.561651 3.414526
2.052333 1.235904 1.488196 0.6286221 0.9367636 1.110904 1.022967 0.8977208 0.8050849 0.8423891 0.9546908 1.29592 2.329993 5.818295 6.554307 3.715195 5.001765 7.979476 5.075719 0.3061464 0.001134256 1.931417 1.901151 2.343541 4.037055 3.692511 2.329704 3.730509 4.541525 7.140231 4.143495 5.457694 7.657696 6.610368 4.645908 1.537578 0.652328 4.32932 6.694069 5.02175 5.607989 1.177238 7.121325 9.030554 8.047965 3.081633 2.113639 4.805583 2.485759 3.251815 1.745949 4.255031 3.729124 2.692766 0.5199454 2.012491 2.135036 3.557162 4.139659 3.058585 2.530206 2.55887 1.560253 3.388881
1.326217 2.098749 1.645238 0.3733569 0.1699369 0.5176346 0.4745817 0.4996443 0.6093507 0.7882527 0.8752907 1.443994 2.8903 7.749379 7.806499 2.729252 5.730285 9.119465 5.966886 0.4296229 0.02224213 1.054074 1.615076 1.565518 5.301992 3.754263 1.007617 2.771504 4.085577 6.552993 6.220784 2.654708 7.444849 8.423146 9.220506 5.988029 2.182737 3.515201 6.503676 4.833275 4.91131 0.8591852 4.918167 7.875458 8.294864 4.675047 0.4183895 3.649194 4.039743 3.093511 2.222545 3.876743 3.795439 3.873819 1.17506 2.019811 2.255924 4.298104 4.582622 2.352844 1.29726 1.516781 1.952279 3.597286
2.16472 2.980111 1.623725 0.9667481 1.091259 0.9269847 0.5887333 0.5552089 0.732936 1.131018 1.339737 1.913154 3.445089 9.364363 9.023983 1.250235 5.434889 9.020976 7.58362 2.994239 0.9863462 0.6530665 1.764015 0.8863897 5.280834 4.355241 0.5687029 1.379024 3.531489 6.543275 6.840971 0.813125 4.832519 6.496526 7.793287 6.832163 4.242171 2.148154 6.18664 5.320029 4.522455 1.090266 3.730805 6.314608 7.186594 6.096011 2.868601 2.311877 4.783738 3.384594 2.197436 3.658854 3.567975 4.197544 2.009484 1.576726 2.033935 3.927003 4.859961 4.305847 4.208124 2.502153 1.650244 3.261618
2.537807 2.743114 0.3864475 2.258309 1.678484 1.600162 1.546797 0.8328212 1.429732 1.771963 1.475124 1.76755 3.437108 10.12331 9.769967 0.9708717 3.705784 6.961589 7.534352 4.955299 2.429757 0.4821101 1.684573 2.049693 3.463958 4.029385 1.500917 1.161474 3.641502 6.914982 5.837173 1.703292 0.925441 5.215684 7.359082 5.056367 4.614649 0.321755 5.306555 6.696362 4.844285 1.424079 2.967551 4.884972 5.518007 6.686739 4.933156 1.150596 3.649703 3.272546 1.506988 3.601866 3.34474 3.816963 2.241892 1.049463 1.574809 2.401754 3.043618 3.458161 4.085072 4.682926 4.24649 3.311898
2.939691 2.483209 1.00868 2.433948 0.885076 1.886264 2.05648 0.7370759 1.878166 2.372422 1.405262 1.452813 3.061352 9.510957 9.827506 3.483972 3.713449 4.299842 5.12504 5.735246 3.880564 1.107554 0.9536711 1.639053 2.460281 2.73243 1.24588 1.39512 3.172337 6.075557 4.75373 3.189175 3.419053 4.125766 6.578615 5.413931 5.707975 3.404772 4.571787 8.823159 7.005138 2.476576 2.11837 4.156433 4.608373 6.651237 5.752923 1.744016 1.324025 1.780105 1.923171 3.383407 3.17004 3.551244 2.060416 0.7051675 1.722786 2.838018 2.881052 1.852454 0.9397597 3.177692 4.895946 4.607204
3.881603 2.893161 0.7173632 1.662503 0.5635969 1.686982 1.927203 0.7467088 1.947383 2.884742 1.632514 1.750318 2.621083 8.206403 9.044333 4.296631 4.853463 4.015199 2.239389 5.632741 5.255593 1.901435 1.334257 1.383798 1.559552 1.642305 0.8134006 0.8993147 2.499149 5.159715 4.081625 4.016137 4.945869 2.729513 3.271039 6.887678 8.133861 6.942958 3.455775 8.694204 9.46941 5.343215 1.666261 3.598924 4.274247 6.475138 5.796671 2.54426 1.06422 1.56789 2.731021 3.056271 3.149755 3.810619 2.215783 0.8680459 2.445249 4.368187 4.138223 3.649526 2.761395 2.003772 4.129504 5.559975
5.004293 4.448077 2.045515 1.843034 1.343619 1.959596 2.217572 0.6940885 1.891277 3.290391 1.871156 1.795126 2.289304 6.833746 7.250475 4.601613 5.707592 6.293645 5.658072 2.710012 5.491811 3.644166 1.563906 0.6782898 0.8695368 1.24066 0.8717624 0.575111 2.096217 4.750803 4.810697 4.343491 3.691842 4.907009 2.403675 5.812925 9.704653 9.88731 3.032245 4.853183 8.839395 8.640774 4.476017 2.286846 3.636984 6.40379 5.954186 2.998087 1.985756 0.6693896 2.878423 3.394777 3.805914 4.823916 3.076776 1.033636 3.017955 5.114101 4.075705 3.784801 5.038772 4.943098 4.962987 6.355123
4.053716 4.771389 3.343374 2.977858 2.605175 2.814234 2.855394 0.7455391 1.719689 3.669298 2.300637 1.863073 2.653149 5.512604 5.376181 4.864035 5.160759 6.066262 6.329793 4.866843 3.48455 5.417388 1.912757 0.9446512 0.8922847 1.280455 1.133387 0.5785177 1.173185 3.106488 3.561066 2.543666 1.806042 5.595352 3.628252 4.175637 7.596293 10.69544 5.380175 1.394375 5.165541 8.270785 6.370031 1.712552 2.355278 6.343305 6.257042 3.194525 2.41881 1.091936 2.071174 3.590428 3.937709 5.600338 4.431624 0.4419235 3.010765 5.69097 4.37794 1.700857 2.48439 4.28744 5.675785 5.737717
2.325626 3.412867 3.085141 2.892738 2.367223 3.113051 3.316925 0.9812631 1.556762 4.103403 2.757633 1.952277 3.111356 4.382527 4.195105 4.795872 5.090538 4.720075 3.155014 6.979862 1.114088 6.090685 2.168329 1.002917 0.9339338 1.35028 1.328464 0.8580044 0.6310909 1.282719 1.802997 1.578844 2.567735 3.548377 3.680701 5.84029 6.028165 9.341301 6.264691 0.8093598 2.368992 6.45496 6.586605 3.204804 0.6457133 5.817096 6.357244 3.54004 2.670513 2.769277 0.8094793 2.914467 3.397432 5.249368 5.033307 1.873202 1.763175 5.697717 5.293353 4.052449 3.585871 2.770307 3.057686 2.749179
1.252143 2.274079 2.597623 2.756289 2.519753 3.703983 3.847838 1.932167 2.004522 4.224204 3.022183 1.760565 3.149808 3.857066 3.085543 5.247552 6.598742 4.559164 4.553418 6.730879 0.4220533 5.671457 2.427248 0.9118929 0.8648955 1.297175 1.306251 1.028687 1.252626 1.875181 2.273926 2.153261 3.457238 1.240206 3.320091 4.285667 4.55475 7.245812 5.777039 1.392356 1.450557 5.768579 6.467364 4.180992 1.637721 4.384386 5.885117 3.905341 3.185147 3.9282 2.110666 2.322649 3.591158 4.932364 5.153121 3.760117 0.8178716 4.077594 4.72804 3.965192 4.274986 5.049171 4.966549 3.270124
0.7937147 0.5779398 2.104267 2.853386 3.031164 4.31368 4.701292 4.273849 4.043964 4.357139 3.396549 2.299069 3.508029 4.763134 1.126576 4.245953 4.535843 4.377181 7.780637 5.033647 2.336403 5.139 2.363768 0.7230505 0.5553192 1.029958 1.313753 1.56314 1.946281 2.377491 2.560496 2.779987 4.197552 2.218604 5.02906 2.660062 2.858469 5.361548 5.036956 2.674896 0.7372453 4.6271 6.453703 4.83833 3.761137 2.06063 4.40066 4.483324 4.155769 5.029384 4.154564 0.2266282 2.959074 5.366333 5.924326 5.455668 4.012664 1.40716 3.402086 3.204277 2.5685 3.859345 4.719405 3.434841
1.48609 1.473561 1.852048 1.652451 1.991595 3.491243 4.137135 4.22999 4.029999 3.820619 3.141192 2.103672 2.740539 6.804709 3.948408 6.026516 6.548282 3.324223 9.182321 4.441084 3.289713 4.741959 2.334804 1.25039 0.7698201 0.2822445 0.6370517 1.245776 1.652131 2.096605 2.49807 3.106417 3.093075 2.472557 5.101051 2.796517 2.917716 4.650113 4.681238 3.332612 2.936525 2.166624 5.572546 4.481812 4.279788 2.193298 1.636852 3.57445 3.912708 5.036725 5.081935 2.983323 0.8185034 3.836572 5.216127 4.856769 4.748097 2.088735 1.895191 3.697821 2.994005 3.71099 4.267196 3.06666
1.429546 2.279948 2.010016 0.4495986 0.5799604 1.748018 2.194903 2.143298 2.08075 1.968679 1.557593 0.4526033 0.6764801 7.613487 4.994481 6.054745 6.718892 1.744898 8.024042 5.614872 2.653052 3.579741 1.320931 1.307734 1.434752 1.38396 1.067059 0.7598832 0.8890996 1.564355 2.308317 1.932181 1.281062 3.228715 3.585315 2.395311 2.652837 4.144626 4.208759 2.918768 3.607006 0.6261554 3.676273 3.533677 3.666647 3.384683 1.251518 1.823049 2.677068 4.26861 4.55424 3.764508 2.517974 1.605169 3.958781 3.891541 4.292455 3.367881 0.4558814 3.612417 3.771581 4.65307 4.521254 2.752983
1.653781 2.348467 2.003197 0.5439488 0.5012741 1.061455 1.365406 1.206175 0.9886173 0.2201233 1.089201 1.660721 2.120906 6.71526 3.251926 5.322403 5.7938 1.69307 6.321652 7.032753 4.665282 2.809849 1.217407 1.171309 1.823987 2.234158 2.449037 2.156321 1.865995 2.325722 2.237736 1.145768 3.172202 3.372956 2.182637 1.598945 2.030043 3.869997 4.214126 2.979136 3.393955 1.77498 2.152542 3.714962 3.688632 3.887127 2.182757 0.6999497 1.765865 4.08238 4.533365 3.609965 3.115117 0.1732961 3.276753 4.295839 4.551961 4.298733 0.8077977 2.836198 3.142054 4.96752 4.594951 2.40257
2.081048 2.42708 2.0321 0.9345803 0.8068626 1.000175 1.045731 0.7412331 0.7612137 1.65542 2.864119 4.155485 5.900096 7.494895 3.917222 5.692003 6.55196 3.604336 4.982313 7.731172 6.988999 4.521004 2.556522 2.785497 3.624629 4.392077 5.141712 5.267473 4.747461 4.662755 3.343693 3.943861 5.309361 5.261167 4.256734 2.101886 0.5509732 3.56699 4.689445 3.41557 3.177195 3.196145 2.330164 4.255498 4.538417 4.723535 3.690557 2.02749 0.5930938 3.425679 4.570357 3.69943 3.8628 2.419837 3.373016 6.083831 6.386381 5.986881 2.626649 2.681551 3.86055 4.242388 3.856149 4.018527
2.231781 2.346082 1.908034 1.047116 0.8441101 1.122766 1.302112 1.100715 1.317051 2.420094 3.138356 3.665555 5.167182 5.331044 2.948733 6.206036 7.958671 5.824405 1.823346 4.347305 5.0244 3.889492 2.288774 3.42996 4.071945 4.800844 5.587056 6.103832 5.761258 5.867874 3.659524 4.169693 5.35215 5.408239 5.552084 4.548125 2.227026 2.3808 5.322372 4.482491 3.226026 3.266296 2.397969 2.744503 4.726725 5.333723 4.655732 3.439442 2.251134 1.865437 3.857602 3.545113 4.453293 5.069506 2.69452 5.021927 6.620251 7.131239 5.475793 0.7644383 4.252455 4.464986 4.332862 4.603218
1.846769 1.935845 1.558905 0.8188541 0.6191401 1.303727 1.637356 1.320017 1.474912 2.669457 3.144155 2.746884 3.190012 2.418843 1.091296 5.330905 7.618028 6.806486 2.948733 1.982082 3.797735 3.234979 0.8124847 3.169307 3.482651 3.349439 2.837758 3.877927 4.866439 5.722792 2.66109 3.199688 4.674642 3.644011 3.744318 5.25222 4.546613 1.158882 4.572664 5.065533 4.278934 4.599253 4.607633 1.23785 3.320427 5.618671 5.273854 3.637082 3.088994 1.227723 2.558706 3.035308 4.535623 6.626005 3.084234 2.914678 4.746073 6.037011 6.637036 3.377779 1.964893 4.347231 3.417641 2.842176
