dat/slope.txt
ncols         258
nrows         248
xllcorner     549290.27599977
yllcorner     3501743.7800992
cellsize      50
NODATA_value  -9999
[rows 84 to 111 of 248, columns 128 to 191 of 258]
1.464625 1.687517 2.74907 2.9436 3.428233 2.33372 0.9679232 3.288241 3.359031 2.012944 2.551881 2.503425 2.627881 4.284308 3.069869 1.269805 1.044142 1.361748 1.724851 2.13943 2.741383 4.49712 5.180965 3.888889 1.295514 4.237874 5.990899 4.749382 5.152213 6.536328 6.700172 2.878321 2.27381 5.926412 5.426759 3.412415 3.099833 4.70722 2.495554 4.890027 8.063767 5.582242 1.048752 4.950885 7.020509 9.429008 5.164825 0.4468541 1.930879 8.275544 8.514702 4.031519 3.902222 5.599525 5.004447 0.5250648 2.433325 3.055017 2.234531 1.70912 2.521895 4.358313 4.556294 2.236188
2.523272 2.357976 2.316281 2.525361 3.330665 2.870323 0.8256643 3.221873 3.910569 3.089201 1.218226 1.499792 3.149272 3.487886 2.069057 1.480743 1.229765 0.9508517 0.7834185 0.9741516 1.820759 3.417194 4.497488 4.443901 2.916705 2.691999 5.230262 3.53399 3.770045 6.764699 7.878308 4.703783 3.544641 4.54876 4.286859 2.880872 2.884789 4.715135 5.593645 3.354779 1.001608 6.30806 4.870462 2.63536 7.295931 10.54055 5.734061 0.4866244 0.5920556 5.682823 7.10141 4.96743 4.955692 5.184342 3.459754 1.097104 3.310443 4.701479 5.450902 5.430279 5.161324 4.449162 2.923707 1.403455
3.745521 3.513782 3.02199 2.854473 3.340388 2.693591 0.6786303 1.977165 2.93577 3.188693 2.640346 2.428553 2.381078 1.958358 1.553656 1.50789 1.358248 1.032907 0.8505476 1.652939 2.554867 2.590319 3.491696 4.679856 3.343554 2.154248 4.749798 3.145897 2.561366 4.746688 7.113865 5.050057 3.318966 2.957641 2.739143 2.152814 2.520382 3.494377 4.402905 4.989192 4.775224 1.565294 6.478834 1.930635 6.606032 10.73265 5.919935 0.5910934 0.673255 3.447896 4.417768 3.825196 4.272783 3.831609 1.233383 2.295122 3.406368 5.764066 5.458783 3.339459 2.067682 0.7531379 1.2106 1.491965
3.460549 3.185623 2.588153 2.585243 2.740837 1.942735 0.531267 0.8443728 1.300188 2.916796 3.716557 2.686093 2.74007 2.81826 1.925698 1.267517 1.212729 0.9638088 0.523501 2.049821 3.011657 3.024779 4.039944 5.060504 3.071003 2.974045 5.046758 3.160572 2.019379 2.445138 5.439686 3.803761 0.6756281 1.520395 1.478459 1.126158 1.74568 2.620764 2.469463 2.120369 4.988077 2.329783 4.913828 3.220238 6.396663 10.44594 5.446319 0.3767455 0.5770494 2.496642 2.292485 2.13039 2.768405 1.938469 1.48273 2.544927 2.99837 5.799234 5.256107 2.670939 2.497134 2.234744 1.834313 1.639526
0.6754897 1.620445 1.825018 2.068054 2.062919 1.426944 0.5966691 0.7940288 1.228785 2.635854 3.376299 2.540653 2.360531 2.797014 2.240231 1.532207 1.507023 1.440866 0.5013254 2.30425 3.356295 3.608237 4.482349 4.513656 2.047001 4.482627 5.75015 2.953215 1.880194 2.280726 5.135844 3.561164 0.5824641 1.258541 0.8781286 0.3557415 1.014497 2.399144 2.633171 2.1974 4.224095 5.648026 5.074169 7.14414 7.105377 9.206429 4.533546 0.5262759 0.7552334 2.277203 2.044221 2.536755 2.238147 1.514948 2.21786 2.230306 2.423665 4.516891 6.36946 6.74931 5.772497 3.89764 2.719683 1.010305
3.780182 1.463866 1.029089 1.640682 1.58037 1.100571 0.7026713 0.9320318 1.472115 2.681893 3.47262 3.121344 2.904131 3.317584 3.30457 3.26826 3.414145 3.530787 2.421618 1.610832 3.236499 4.803756 4.969187 3.270335 0.5094641 5.993717 6.370775 3.376142 3.213369 3.532487 3.796135 2.127755 1.619619 1.467848 1.161497 1.033952 0.9702022 1.594278 2.404886 2.569143 3.752199 9.415873 5.771512 8.847993 8.094471 6.745165 3.321605 0.762182 1.037336 2.155582 2.605759 2.460825 1.442675 1.921183 2.515445 1.554726 1.905933 2.917 4.025248 4.425612 4.110345 4.629803 2.484638 6.184197
4.855721 3.536143 1.96369 0.9894254 0.820949 0.6831982 0.4731696 0.6931527 1.331038 2.416134 3.294067 3.264324 3.295437 3.606808 3.622961 3.563204 3.54938 3.913533 3.661403 0.8488764 2.354886 5.709311 6.264627 2.665604 1.311878 6.785122 6.517766 3.286379 2.647884 1.520617 1.503949 2.182076 1.849596 1.449754 1.500647 1.502213 1.432072 0.614476 1.404678 2.646521 3.267678 10.90044 7.920535 1.71776 2.666627 2.871126 2.093109 0.9485087 0.7418454 1.38193 1.796597 1.54048 1.1699 2.505378 2.569307 1.370596 1.76239 1.988173 1.69017 2.019498 4.83265 4.779082 6.708012 9.430368
5.049136 4.929148 2.816352 1.221721 1.433425 1.416858 1.024251 0.6408257 0.7801354 1.267879 2.367676 2.524806 2.555064 2.724024 2.466085 1.934202 1.573174 2.833637 3.595156 1.121132 1.770173 5.831129 6.900355 2.619228 1.929736 6.983396 6.476397 3.173299 2.168118 1.852736 1.789574 1.587405 1.145011 0.8562383 1.318079 1.320767 1.420682 1.415091 0.1198757 2.413282 3.381004 9.011808 8.417342 4.675302 3.724521 3.26414 2.406342 1.224398 0.9408727 0.5397072 0.7110857 0.8513147 1.080377 2.408151 2.74286 2.163155 1.81486 1.814249 1.773312 2.555591 5.465172 7.826758 8.452681 5.287383
4.914589 6.183365 3.830216 0.9992883 1.150213 1.75887 1.863439 1.52242 1.408448 0.4431411 1.229034 2.109208 2.379016 2.621695 2.358503 1.721168 1.513475 3.06828 3.464737 1.0294 1.738398 5.721196 6.899156 2.562234 2.069062 6.826913 6.350908 2.858494 1.819132 2.193337 2.151428 1.885486 1.268438 0.6609931 1.588229 1.750632 1.885705 2.41219 1.643473 2.300395 3.795913 6.06493 6.295246 5.105151 4.477809 4.729054 3.4295 1.251939 1.251571 1.065173 0.4596696 0.6539099 1.064491 1.956314 2.211861 1.817817 1.637365 1.602425 1.519461 1.954922 3.024228 4.186106 3.961434 2.005235
1.849882 5.671332 6.514517 5.357096 4.864259 4.532952 3.951832 3.271384 3.118538 2.598047 0.9292407 0.9331754 2.112689 3.03748 3.111953 2.522968 2.343176 3.503339 3.53222 2.127925 2.972715 5.884781 6.483607 2.260385 2.116586 6.428576 6.166374 2.888196 3.156037 3.296795 2.890388 2.13931 1.595459 0.4890884 2.457319 2.978405 3.249014 3.746979 3.285969 0.9600668 3.406862 4.846145 5.416591 5.563446 5.732067 6.781472 5.646695 2.896446 2.054241 1.87484 1.373003 0.3590472 0.7405413 1.845766 2.323409 2.051023 2.064631 1.925846 1.58532 1.814551 1.934993 0.5824038 3.663005 8.261473
3.22607 1.071722 4.932279 6.403939 6.024946 5.306231 4.386918 3.330954 3.230466 3.39241 2.553865 0.9362323 1.262048 2.338583 3.121952 2.760807 2.719172 3.642533 3.618914 3.081162 3.722624 5.547341 5.27508 1.459746 1.849112 5.579822 5.721197 3.553671 3.588944 3.152392 3.691263 2.165098 1.831771 0.6268205 3.08374 3.32995 2.317316 3.001088 3.891878 1.494692 1.407495 3.572524 4.115108 4.19248 5.065567 7.154626 7.11625 4.763485 3.34345 2.629261 2.213756 1.471416 1.055647 0.7280914 1.916539 2.162583 2.21055 2.095373 0.8402362 1.124344 0.9725893 3.387932 8.225511 9.808661
4.440053 3.823764 1.926505 0.3641359 1.335307 3.495106 3.677418 2.330898 2.467755 3.36221 3.210442 1.840916 1.462724 0.7175603 2.244197 2.377142 2.501769 3.199931 3.083419 2.744208 3.049004 4.363253 3.807871 0.7497228 1.342854 4.332997 4.706603 2.910476 1.805516 3.769761 4.267163 1.642323 1.614059 1.45459 1.924593 3.728088 2.880436 1.12105 3.007069 3.090034 2.026724 1.10849 2.195128 2.337691 2.840265 5.512777 6.417006 4.790186 4.070411 3.390496 2.609287 1.902268 1.928915 1.095616 0.6541495 1.613443 1.73684 2.362758 1.078162 0.8778467 0.4029601 5.213567 8.960603 5.586411
2.808081 4.596697 4.633004 3.801308 2.409424 1.704593 3.183277 2.485648 2.585107 3.818388 3.689814 2.084852 1.745033 0.4495197 1.617196 2.216691 2.465612 2.951641 2.806072 2.591383 2.747212 3.619384 2.999718 0.8111466 1.170656 3.418087 3.695891 1.969647 1.914736 4.539743 3.799231 1.63401 2.386445 2.46907 0.9452287 2.345702 3.808713 1.783559 2.116982 3.625347 3.055552 1.994027 0.9125835 1.462148 1.648124 4.399338 5.69765 4.080903 3.660397 3.783088 3.042765 1.989107 2.040868 2.011309 0.8095313 1.438262 1.793175 2.486945 1.947266 0.3508081 0.5487976 4.84556 7.576253 5.739803
2.293403 0.3540405 3.030342 5.178134 5.852762 3.98824 1.310413 1.490826 2.575479 4.748785 4.316916 2.307235 1.792386 0.9587251 1.320104 2.202554 2.799001 3.416954 3.621436 3.65013 3.559372 3.686263 3.005045 1.743743 1.795838 3.268717 3.590883 2.497679 2.788969 4.466426 4.17841 4.765376 5.081018 4.29712 3.286758 0.4974949 2.361353 3.850312 2.221263 4.06283 7.465879 7.928264 5.202725 2.363907 1.597211 3.689421 4.821673 3.062948 2.683082 3.390704 3.070961 2.047434 2.144695 2.754175 1.75541 0.6730719 1.620169 2.347056 2.231268 1.288174 1.714865 2.847444 4.756468 6.559688
3.829896 3.452849 2.90518 3.03119 4.895315 5.870458 4.633371 2.890767 3.320792 5.893812 4.748716 2.293736 1.585964 1.00813 0.9497674 1.638976 2.351692 3.041663 3.451546 3.605363 3.454112 3.319956 2.750715 1.905696 1.987323 3.10122 3.451344 2.963219 3.351316 4.224885 4.629101 5.033661 4.14641 4.530816 3.692462 2.030602 1.533043 2.556192 4.450212 5.032857 6.25551 7.703516 6.86112 3.392008 3.146986 4.376933 4.390302 2.512534 2.097326 2.854339 2.773928 1.823019 1.914693 2.977423 2.548204 0.370392 1.030468 2.532112 2.918839 2.385631 2.030691 0.5591933 2.369554 4.717406
1.208134 3.164094 4.523963 2.157116 0.1069326 2.252717 4.694475 5.592243 5.507492 6.066599 4.152979 1.584638 0.9290137 0.5262313 0.2474158 0.2530951 0.7442712 1.401724 1.891647 2.092233 2.086088 2.120932 1.716014 1.14879 1.570431 2.678465 3.000264 2.676109 3.086943 3.495759 3.478672 2.587306 2.5861 4.535134 3.206633 2.736852 2.815702 2.072667 3.898773 7.021236 4.13427 3.966021 5.53081 1.835265 3.431417 4.114537 2.928547 1.689558 1.620195 2.443624 2.505903 1.62844 1.612862 2.877369 2.906995 1.133857 0.5106496 2.722082 3.390873 2.675061 1.940115 1.563126 2.218494 1.178509
2.21289 3.377939 3.068926 2.545081 3.777522 3.181432 2.188929 4.1432 5.110725 4.698142 2.594389 0.7459199 0.30856 0.2615363 0.6496946 0.8290176 0.6907185 0.3343571 0.6930606 1.044501 1.114629 1.195375 1.02313 0.7957876 1.302036 2.382867 2.803804 2.744352 3.250943 3.533035 3.298126 2.810874 3.466754 4.502166 3.925097 3.529474 3.140131 2.736043 3.519475 6.176747 3.71596 3.684057 4.803767 0.5626726 3.362758 2.623255 1.257197 1.127395 1.315058 2.169276 2.297975 1.602753 1.572252 2.860304 3.176025 1.792222 0.4982576 2.667197 3.475773 2.678617 2.551694 2.042727 1.554311 0.2057607
1.495645 1.556081 3.560344 5.065318 4.697908 5.364651 5.567422 2.739063 2.767183 1.976373 0.7143476 0.1549192 0.7981699 1.64469 2.25352 2.422469 2.26128 1.987432 1.356315 0.5543735 0.3574454 0.5460675 0.690316 0.3353945 0.8785104 2.077631 2.938496 3.426758 4.003592 4.35762 4.303496 4.200986 4.838272 5.955813 6.148318 5.636178 5.251911 5.271173 5.588857 5.629657 2.592095 4.470103 5.113654 2.158829 4.120462 3.602055 1.858263 1.198732 1.352182 2.092258 2.30422 1.922802 1.914818 2.982026 3.450164 2.660392 1.522373 1.560946 3.313917 3.30104 3.156482 2.049819 0.3932222 0.3984295
1.547468 3.390116 4.200491 3.1167 2.194715 5.518556 6.313707 3.608707 2.781773 1.296992 0.312374 0.7015735 1.720174 2.640071 2.873225 2.733838 2.384691 2.428755 2.015154 0.9398025 0.5534765 0.4102713 0.6788045 0.7948347 0.5566559 1.147821 2.066823 2.507484 2.799859 3.113327 3.552968 3.986313 4.867187 5.904878 6.045138 5.50114 5.235875 5.189049 5.112466 4.127914 1.538179 6.136596 5.861882 2.194643 3.39107 4.468819 3.704172 2.001043 1.724443 2.154002 2.317084 2.000653 1.991288 2.834943 3.345726 2.956442 2.529043 0.4538462 2.020647 2.857256 2.824294 2.615272 1.711756 0.8928592
2.777363 2.699659 0.8633037 1.996645 2.684032 4.9529 4.094196 6.012367 7.916937 6.329504 2.538449 1.404448 2.620943 2.966259 2.421057 2.226171 2.059522 2.653455 2.332839 1.030358 0.6570759 0.23926 0.3444408 0.956711 1.1195 0.4526512 0.4371714 0.7129386 0.8621998 1.193237 1.730948 2.053137 2.430532 2.94129 3.496568 3.35146 3.207636 3.004877 2.816228 2.084904 1.907341 7.277481 5.965759 0.6688032 0.8244589 2.255114 3.509351 2.43774 1.757791 2.030949 2.182577 1.748866 1.803207 2.548182 2.9325 2.591923 2.58641 1.796076 0.1885478 1.458378 1.82933 3.015295 3.121286 0.6209803
2.303682 1.417723 1.735532 3.086571 3.163844 3.023404 2.075294 4.956716 6.643725 9.090661 6.239322 3.147202 3.621326 3.554072 2.784916 2.823676 2.63393 3.263723 2.70243 1.127887 0.717197 0.2133442 0.05834113 0.7481466 1.220464 0.7946572 0.3286058 0.4242707 0.6516018 1.01754 1.345026 1.334768 1.260439 1.580671 2.288157 2.54394 2.78164 2.737766 2.505 2.028873 2.572195 7.299154 6.585609 1.410128 0.2404272 1.243922 2.814289 3.007559 1.642973 1.646514 2.139935 1.814054 1.952238 2.81671 3.04164 2.534764 2.523029 2.196159 0.8075826 0.756678 1.482335 3.366012 3.717216 1.026935
2.252941 1.577132 2.746399 3.218035 2.863946 1.51111 3.413354 3.34373 2.142014 6.881831 6.907037 6.173087 4.743138 4.694348 4.623106 5.014046 4.254979 4.230871 3.175847 1.42972 0.8328162 0.3648065 0.2880457 0.552774 1.026323 0.9963571 0.694949 0.4068963 0.6197925 1.02492 1.613851 1.840169 1.801424 1.942366 2.283313 2.631782 3.026838 3.149745 2.939819 2.709254 3.407782 6.996736 9.25484 7.983311 5.651997 5.252392 6.579771 5.540187 2.868235 0.7174634 1.560744 2.739503 3.112433 3.917052 3.897476 2.783834 2.401435 2.641466 2.138968 0.544497 1.153443 3.710163 4.295262 2.126163
2.058207 2.362314 3.19001 3.005766 3.037809 1.660026 3.672678 2.16771 2.061437 4.755732 3.878461 4.977927 4.328307 4.375192 3.992451 5.854875 6.897847 5.751963 3.307185 1.22939 0.4429848 0.4055573 0.3766834 0.5174176 0.8841386 1.168421 1.068039 0.7121583 0.6991653 0.7137134 1.03503 1.507087 1.74701 2.036828 2.324295 2.504784 2.626621 2.70021 2.612862 2.519366 2.907107 4.724705 7.369798 9.135433 9.036924 9.017838 9.342172 7.310811 4.757442 2.849793 1.571121 2.515831 3.522855 4.786847 4.822711 2.726021 2.083346 2.808769 3.183428 2.411618 1.173629 2.625633 4.208836 2.732225
1.368362 2.802115 3.30676 2.659852 2.743535 0.5675936 3.236382 1.456879 2.101784 4.280442 1.590193 2.222127 2.416668 1.008563 3.032717 5.824309 8.08225 6.370074 2.355306 0.4148641 1.145124 1.465029 1.338815 1.209058 1.14507 1.327365 1.258598 1.009411 1.092454 1.280783 0.9344904 0.3429917 0.6899645 1.25887 1.638838 1.742603 1.733401 1.734586 1.733607 1.663689 1.566008 1.667994 1.879546 2.872733 4.187907 4.557494 2.968856 3.05426 3.699412 4.249012 3.767187 1.458841 1.77597 5.292287 5.690559 2.261784 0.6074983 1.202337 2.568038 3.328655 2.545489 1.013029 3.453991 3.256652
0.5084726 2.785553 3.185232 2.790662 2.901176 0.978488 3.314229 1.928976 1.892826 4.361032 1.639213 2.040666 1.347704 2.843459 5.466362 7.497128 6.924101 4.814643 1.408098 2.503279 3.066 2.820257 2.254644 1.805298 1.513444 1.597232 1.404079 1.130772 1.231142 1.552898 1.524688 1.054755 0.7636226 0.7333524 1.359601 1.750235 1.806651 1.785875 1.744196 1.664836 1.559468 1.759548 1.650896 1.444005 1.326897 1.363061 0.7361384 1.806542 2.885806 4.479954 4.874232 3.270178 0.354104 5.521934 6.249369 2.513859 0.642615 0.1172402 1.575458 3.292665 2.85116 0.4781949 2.5246 3.526978
1.23039 1.825624 2.709088 3.214472 3.667581 3.131487 3.655766 2.084983 1.750227 4.185077 2.642051 2.096947 1.363213 4.693392 6.072674 4.189981 4.019718 3.732659 5.1777 7.365443 7.751942 6.9337 5.074618 2.809364 1.938601 3.816009 5.804861 5.915207 4.584576 3.386693 2.464494 1.845683 1.730316 1.620449 1.325199 1.659804 2.091576 2.202339 2.194015 2.123006 1.99129 2.193584 2.017212 1.441279 0.9117733 0.2527271 0.4225065 0.4193651 1.665175 4.213815 5.232502 4.134433 2.360342 4.426346 5.468335 3.329811 1.972275 1.087093 1.21712 3.04535 3.326388 2.461766 0.7795817 3.450189
1.486055 0.2197723 1.88494 3.126129 3.742239 3.632816 3.046717 1.466613 1.394606 3.219523 2.748997 1.904503 1.450333 3.400123 6.563474 7.630839 6.025115 3.833846 6.605383 8.284759 8.112801 6.974196 6.693116 3.2646 1.836163 5.896404 8.340332 9.125325 7.690167 5.905698 3.599682 1.970119 1.916459 2.45231 2.479086 1.209789 1.146939 1.315403 1.517682 1.76762 1.866469 2.307507 2.26644 1.761417 1.566535 1.099711 0.4971104 0.1314795 0.2480086 3.07597 4.63651 3.442237 2.684612 3.197597 3.542103 2.550092 2.239096 1.553004 1.537119 2.781435 3.680668 4.275846 2.656845 1.325998
1.617667 1.203074 0.9212432 2.17882 2.642065 2.260031 1.670737 1.164441 1.346907 2.305894 1.951154 1.344 1.249743 1.425009 2.542241 5.47709 6.358692 2.494038 6.198067 5.628735 3.458608 5.137484 8.248094 2.963622 3.342923 7.705454 5.612282 6.024885 6.788485 6.841195 4.399262 1.710834 1.605633 2.504881 3.521543 2.386226 0.6062658 0.18688 0.4553787 0.7542737 1.209827 2.009243 2.118091 1.848391 1.987503 2.054421 1.936385 1.413383 0.6171537 2.770131 3.822601 2.214618 1.772382 2.155486 2.25642 1.467062 1.188675 1.1212 1.417662 1.98412 2.733395 4.48255 4.284383 2.167789
