dat/slope.txt
ncols         258
nrows         248
xllcorner     549290.27599977
yllcorner     3501743.7800992
cellsize      50
NODATA_value  -9999
[rows 196 to 223 of 248, columns 192 to 255 of 258]
4.310557 1.775422 1.262152 3.974133 5.925786 3.888547 0.3581865 2.09206 2.27119 2.415625 2.445793 2.461947 2.560903 2.547604 2.155948 1.188024 0.855032 0.6359169 0.01491507 0 0 0 0 0 0 0 0 0 0 0 0 0 0 0 0 0 0 1.625157 3.006929 2.812519 2.513857 2.88219 2.301594 0.7293241 2.793548 1.779425 0.5666229 0.6212812 0.5436338 3.005581 3.617672 2.443069 2.51451 2.467384 3.113654 3.910947 3.791309 -9999 -9999 -9999 -9999 -9999 -9999 -9999
8.073275 8.168922 7.557634 6.669158 5.983928 4.813877 4.51609 4.103696 3.842607 3.882826 3.941163 3.905468 3.890618 3.832108 3.493163 2.73741 2.336677 1.608996 0.5129415 0 0 0 0 0 0 0 0 0 0 0 0 0 0 0 0 0 0.05126979 2.054786 3.492407 2.930724 2.344911 2.366317 1.58208 0.9266464 2.022846 1.51444 0.3918007 0.1408112 0.6131614 2.550348 3.005288 2.38829 2.877199 3.299528 3.553218 3.044156 2.495973 -9999 -9999 -9999 -9999 -9999 -9999 -9999
6.315857 6.565201 6.51648 7.220388 7.245151 6.294928 5.081572 4.307152 3.997099 3.991825 4.049652 3.964665 3.926555 4.000582 3.832157 3.141938 2.9808 2.749551 1.634475 0.416519 0.08430887 0 0 0 0 0 0 0 0 0 0 0 0 0 0 0 0.2733661 2.6049 3.799334 2.708111 1.993615 1.714734 1.147765 1.0137 1.281488 1.426268 0.7358279 0.1762253 0.6383579 1.913306 2.25311 2.171127 2.78019 3.35189 3.422247 2.839547 2.265761 -9999 -9999 -9999 -9999 -9999 -9999 -9999
2.081589 2.524693 2.428567 3.133759 3.843687 3.674694 3.211363 2.932726 2.732777 2.72982 2.746238 2.31033 2.204504 2.816556 3.063481 2.371223 2.443183 2.940971 2.139153 0.4742271 0.1192307 0 0 0 0 0 0 0 0 0 0 0 0 0 0 0.005460546 0.6152206 2.953382 3.615431 2.28454 1.597299 1.298433 1.097522 0.9633474 1.049707 1.319241 0.7922898 0.2418759 0.6520883 1.494231 1.689427 1.501912 1.736312 2.121081 2.334863 2.482881 2.599924 -9999 -9999 -9999 -9999 -9999 -9999 -9999
3.676003 2.78503 1.332272 1.45158 2.583422 3.024059 2.826501 2.640982 2.39999 2.174267 1.821905 0.8652497 1.132551 2.263119 2.620538 1.839418 2.171925 3.746027 2.876404 0.4353081 0.08430887 0 0 0 0 0 0 0 0 0 0 0 0 0 0 0.08036017 0.9296768 2.981903 3.176031 1.954218 1.49445 1.395311 1.198937 0.7738635 0.9156452 1.05221 0.6263267 0.172932 0.5069799 1.212237 1.493271 1.406638 1.51633 1.533187 1.308408 2.038392 3.090987 -9999 -9999 -9999 -9999 -9999 -9999 -9999
2.279314 0.7778363 0.3981397 1.104712 1.845381 2.256833 1.852354 1.320213 1.104737 0.8252022 0.3226805 1.143365 1.659207 2.269964 2.398496 1.211933 1.128646 3.992397 4.124978 2.078375 1.18193 0.4727256 0.09159993 0 0 0 0 0 0 0 0 0 0 0 0 0.1695174 1.092238 2.70173 2.607387 1.908968 1.972058 1.913514 1.600685 1.177599 1.193649 0.9653518 0.5613418 0.3617345 0.6438462 1.321579 1.978529 1.843075 1.198981 0.652613 -9999 -9999 -9999 -9999 -9999 -9999 -9999 -9999 -9999 -9999
0.4864668 0.6120728 1.087188 0.8773816 0.9581134 1.451169 1.386672 0.70632 0.3891666 0.1263252 0.4865942 1.50803 1.716499 2.394902 2.822245 2.194556 1.808384 1.38581 3.330609 3.31328 2.49254 1.526686 0.5274564 0 0 0 0 0 0 0 0 0 0 0 0 0.1675621 1.144158 2.306035 1.930457 1.816681 2.071909 2.166583 1.660034 1.181739 1.161059 0.908426 0.6513083 0.5204411 0.650879 0.9610415 1.307316 1.505231 0.886086 -9999 -9999 -9999 -9999 -9999 -9999 -9999 -9999 -9999 -9999 -9999
1.992883 2.416722 1.556746 1.364586 0.8303388 0.7655318 1.146688 1.545684 1.622865 1.358349 1.137798 1.781429 1.682993 2.598141 3.54747 3.442417 4.045568 3.811229 1.712276 1.464985 1.715386 1.741192 0.8987704 0 0 0 0 0 0 0 0 0 0 0 0 0.07596426 1.091578 1.856603 1.555006 2.044954 2.189731 2.481693 1.604266 0.7903892 0.8258111 0.7665577 0.6369886 0.4797689 0.4054737 0.4850523 0.3123037 -9999 -9999 -9999 -9999 -9999 -9999 -9999 -9999 -9999 -9999 -9999 -9999 -9999
3.551859 2.638655 1.869998 1.997734 1.004867 0.1859996 0.6820541 1.299109 1.567293 1.68134 1.604806 2.246822 2.17115 3.328675 4.390486 3.255566 2.555221 3.073001 2.829054 2.007284 1.782154 1.69949 0.8452918 0 0 0 0 0 0 0 0 0 0 0 0 0.001307564 0.927512 1.201664 1.48356 1.913964 2.291639 2.927499 1.735199 0.7192098 0.7427725 0.6686953 0.5441204 0.3476073 0.2610843 0.2619556 -9999 -9999 -9999 -9999 -9999 -9999 -9999 -9999 -9999 -9999 -9999 -9999 -9999 -9999
1.32605 2.324838 2.764809 2.392005 1.867487 1.084017 1.058707 0.4562984 0.4770807 0.831182 1.644666 3.089601 3.116425 4.236223 5.020363 2.720549 1.160479 1.008801 1.883588 1.917821 1.685734 1.193508 0.4355145 0 0 0 0 0 0 0 0 0 0 0 0 0 0.6400576 0.7822109 0.9427595 0.6972403 1.851994 2.973856 2.013529 0.879277 0.656429 0.4980398 0.5669405 -9999 -9999 -9999 -9999 -9999 -9999 -9999 -9999 -9999 -9999 -9999 -9999 -9999 -9999 -9999 -9999 -9999
3.608909 3.235895 2.49522 2.799313 3.334348 3.073071 2.55261 0.1029231 0.6879152 0.5191092 1.672672 3.333011 3.703741 4.769073 4.978988 2.230232 1.728273 0.6687571 0.6268218 1.102251 0.876563 0.4563338 0.1145565 0 0 0 0 0 8.42937e-06 3.116998e-05 4.315969e-05 3.242493e-05 9.440894e-06 0 0 0 0.2583575 0.4358434 0.3630652 0.3873531 1.406632 2.567841 2.15864 -9999 -9999 -9999 -9999 -9999 -9999 -9999 -9999 -9999 -9999 -9999 -9999 -9999 -9999 -9999 -9999 -9999 -9999 -9999 -9999 -9999
0.8577338 0.4619035 0.9454241 3.495011 4.642432 4.89087 5.082438 2.700627 1.453152 1.842769 1.307958 4.058683 4.627795 4.68314 3.916275 1.872361 2.657764 2.618754 1.253944 0.002350445 0 0 0 0 0 1.652156e-05 0.000242991 0.0008499224 0.001828666 0.002807352 0.003094432 0.002518301 0.001560065 0.0007308709 0.0001837603 0 0 0 0.003632384 0.35856 1.090947 2.349926 -9999 -9999 -9999 -9999 -9999 -9999 -9999 -9999 -9999 -9999 -9999 -9999 -9999 -9999 -9999 -9999 -9999 -9999 -9999 -9999 -9999 -9999
0.1509649 0.302222 1.31873 5.034444 5.169556 4.269866 6.057501 4.754642 2.939816 3.014562 0.6175304 5.166764 5.279493 3.649921 2.192235 3.029969 4.026672 4.678223 3.251567 0.4989785 0.05275815 0.03662193 0.01573392 0 4.383272e-06 0.001212879 0.003807676 0.006703629 0.009431902 0.01152318 0.01208015 0.0110161 0.008891925 0.006071284 0.002558818 0.000225233 3.371748e-07 0 0.2297712 0.7905277 1.051035 -9999 -9999 -9999 -9999 -9999 -9999 -9999 -9999 -9999 -9999 -9999 -9999 -9999 -9999 -9999 -9999 -9999 -9999 -9999 -9999 -9999 -9999 -9999
3.7061 3.404932 3.448616 6.084708 6.760252 4.632243 2.561636 3.305241 4.009867 3.042219 0.428596 4.957646 5.613389 3.706511 3.66098 5.849773 6.893313 8.16718 7.620203 6.45894 7.245866 6.338639 3.115554 0.06749812 0.005157682 0.01704915 0.03037155 0.0386467 0.04270308 0.04449049 0.04461725 0.04354661 0.04091778 0.0353681 0.02493937 0.01313406 0.005273 0.03176219 1.358519 3.041157 3.312987 -9999 -9999 -9999 -9999 -9999 -9999 -9999 -9999 -9999 -9999 -9999 -9999 -9999 -9999 -9999 -9999 -9999 -9999 -9999 -9999 -9999 -9999 -9999
4.008628 4.157515 4.616951 6.389367 8.10101 7.49835 5.599989 4.335854 2.999748 2.727439 1.866828 4.347748 6.411523 5.85152 3.753088 4.459331 4.691947 7.381887 8.529924 7.846966 7.871341 7.824206 6.441343 0.1425189 0.02211688 0.04427562 0.05795239 0.06270877 0.06484888 0.06491035 0.06395093 0.06273374 0.06062969 0.05739515 0.04893394 0.03467876 0.02085487 0.6581349 3.373625 4.470946 3.553749 -9999 -9999 -9999 -9999 -9999 -9999 -9999 -9999 -9999 -9999 -9999 -9999 -9999 -9999 -9999 -9999 -9999 -9999 -9999 -9999 -9999 -9999 -9999
0.8627849 1.272304 1.259165 0.7833341 2.460371 3.582878 2.544444 1.840033 1.232688 2.682014 2.817104 2.134675 3.76207 4.350053 2.065611 3.013642 3.983085 1.274203 4.351289 2.373291 0.6720862 7.590132 7.248753 0.1651921 0.05225128 0.0697782 0.07120813 0.06663324 0.06596512 0.06473713 0.0633172 0.06212326 0.06127327 0.0631221 0.06175653 0.05347252 0.04447721 1.720597 4.624376 3.527228 1.19237 1.201438 -9999 -9999 -9999 -9999 -9999 -9999 -9999 -9999 -9999 -9999 -9999 -9999 -9999 -9999 -9999 -9999 -9999 -9999 -9999 -9999 -9999 -9999
3.273697 4.216341 4.307661 3.372838 1.272543 2.253488 1.71968 0.5238972 0.2928887 2.345858 2.982752 1.24108 2.520048 4.56563 3.972435 2.705434 5.161115 2.824817 2.218312 2.519656 3.615375 7.475579 5.57361 0.1413009 0.08886752 0.09463613 0.08927921 0.08254568 0.08117282 0.07972831 0.07823762 0.07701348 0.07577487 0.07761901 0.07802591 0.07288916 0.07103866 2.143898 4.622821 2.793153 0.1056883 0.2177031 0.5491207 -9999 -9999 -9999 -9999 -9999 -9999 -9999 -9999 -9999 -9999 -9999 -9999 -9999 -9999 -9999 -9999 -9999 -9999 -9999 -9999 -9999
8.431904 7.903848 7.453298 7.757994 6.787028 3.947556 3.023099 3.007164 3.574459 4.279779 4.57964 2.34961 1.431106 5.071261 5.434364 2.727684 5.237637 5.428515 3.719597 4.797459 5.451791 6.460016 3.74176 0.1916647 0.1762086 0.1700401 0.1596913 0.1515485 0.147934 0.1446552 0.1413493 0.138586 0.1360163 0.1357129 0.1359731 0.1351375 0.1396469 1.566542 4.201194 5.069246 4.965014 4.596252 3.877975 -9999 -9999 -9999 -9999 -9999 -9999 -9999 -9999 -9999 -9999 -9999 -9999 -9999 -9999 -9999 -9999 -9999 -9999 -9999 -9999 -9999
7.35125 6.109536 5.485963 6.837212 8.91826 7.906259 6.118661 5.97849 6.398887 6.623985 6.360461 4.172481 1.172158 5.399536 6.604902 2.297087 3.609076 5.42094 4.514296 4.717925 5.153293 4.739419 2.068299 0.2196988 0.2013942 0.188714 0.1756196 0.1665393 0.1618289 0.1575952 0.1536674 0.1506726 0.1488459 0.1501995 0.1516245 0.1522887 0.158037 0.5947384 2.008293 3.689871 4.652777 4.464695 3.718826 2.847453 -9999 -9999 -9999 -9999 -9999 -9999 -9999 -9999 -9999 -9999 -9999 -9999 -9999 -9999 -9999 -9999 -9999 -9999 -9999 -9999
3.011108 2.91262 3.122379 2.945225 1.034569 5.18167 5.993973 6.081805 5.923231 6.246294 6.590724 5.420766 2.564656 5.244493 6.847633 2.830874 1.705753 3.487906 2.997863 2.94804 3.974388 3.415737 1.118873 0.1849795 0.1619589 0.1467832 0.1336988 0.125652 0.1215453 0.118155 0.115285 0.1133133 0.1129393 0.1166215 0.1195262 0.1190648 0.1207621 0.1380524 0.1496123 0.1325247 0.1182952 0.7658581 1.476638 1.53109 -9999 -9999 -9999 -9999 -9999 -9999 -9999 -9999 -9999 -9999 -9999 -9999 -9999 -9999 -9999 -9999 -9999 -9999 -9999 -9999
7.526223 7.086579 6.951598 7.520228 6.687578 2.492079 3.552831 4.281011 3.566679 5.083588 6.87516 6.859217 4.292085 4.717847 6.477118 3.666065 2.258799 3.176849 3.133227 2.285243 3.040462 3.013195 1.06589 0.2021638 0.1756463 0.1577747 0.1432871 0.1343578 0.1295968 0.1260393 0.1230347 0.1210052 0.1210608 0.1246969 0.1271172 0.1255077 0.125249 0.1419322 0.1524631 0.1363712 0.1320611 0.471012 0.9768358 1.260442 1.153316 -9999 -9999 -9999 -9999 -9999 -9999 -9999 -9999 -9999 -9999 -9999 -9999 -9999 -9999 -9999 -9999 -9999 -9999 -9999
5.427454 3.964025 2.14958 3.59324 5.207437 4.231926 3.539554 2.651081 1.092729 2.780604 6.212213 8.983577 8.766712 6.939473 5.628448 4.032394 2.731048 2.928491 4.287242 4.38617 3.769405 2.757241 1.055174 0.3502694 0.2910738 0.2573154 0.2322289 0.2173204 0.2097284 0.2038973 0.1989715 0.196199 0.1963743 0.1984079 0.1983411 0.1946417 0.1912618 0.2001056 0.2025317 0.1850228 0.1831882 0.3657407 0.6895689 1.082999 1.412274 -9999 -9999 -9999 -9999 -9999 -9999 -9999 -9999 -9999 -9999 -9999 -9999 -9999 -9999 -9999 -9999 -9999 -9999 -9999
1.937142 3.605085 6.564364 6.460361 2.089359 4.435999 8.040696 7.815431 4.059471 0.8822107 3.225124 6.486252 8.115546 7.41234 5.55851 4.208735 3.056014 2.163255 2.81221 3.27934 2.909072 1.834211 0.7495576 0.3858093 0.308364 0.2696356 0.241132 0.2237578 0.2159864 0.2104771 0.2055881 0.2026813 0.2029013 0.2046498 0.2042474 0.2002867 0.1969923 0.2096887 0.2143743 0.1978782 0.2001781 0.3000911 0.4571679 0.7753562 1.260751 1.623827 -9999 -9999 -9999 -9999 -9999 -9999 -9999 -9999 -9999 -9999 -9999 -9999 -9999 -9999 -9999 -9999 -9999 -9999
4.249846 5.656643 6.075162 1.291017 5.537568 6.979954 5.821748 8.928819 6.96903 2.471355 0.1766735 1.530497 2.837929 3.526236 3.743475 3.301746 2.111396 0.8363388 0.1949329 0 0 0.09128661 0.239264 0.2705593 0.2232231 0.1937738 0.1693982 0.1518199 0.1460583 0.1434128 0.1403324 0.1377954 0.1383571 0.1418167 0.1441636 0.1420992 0.1425032 0.1690292 0.1823442 0.1672948 0.1744382 0.2358356 0.2691235 0.3665308 0.8130989 1.84762 -9999 -9999 -9999 -9999 -9999 -9999 -9999 -9999 -9999 -9999 -9999 -9999 -9999 -9999 -9999 -9999 -9999 -9999
4.082158 4.03174 3.543387 3.221658 6.05865 3.862651 3.280253 7.629647 7.739018 4.458649 1.031134 0.3747813 0.8787713 1.218484 1.258241 0.9149449 0.3492831 0.07489475 0.05796176 0.005847959 0 0.01710926 0.1015585 0.1932927 0.2067414 0.1923435 0.1687375 0.1489467 0.1433711 0.1414796 0.1391292 0.1372383 0.1385349 0.1431234 0.1474263 0.1469633 0.1484378 0.1745543 0.1869427 0.1731946 0.1806013 0.2360109 0.2509986 0.2324461 0.4741013 1.728636 2.294823 -9999 -9999 -9999 -9999 -9999 -9999 -9999 -9999 -9999 -9999 -9999 -9999 -9999 -9999 -9999 -9999 -9999
4.602763 6.202865 8.122932 8.151204 7.268066 3.284486 4.400762 5.505326 6.653532 7.393546 5.789072 3.87543 3.229421 4.161029 6.270409 7.785431 7.907751 6.80346 4.915302 3.047712 1.664388 0.608605 0.0562254 0.09065881 0.1530695 0.1961218 0.207246 0.200554 0.1978501 0.1978115 0.1986854 0.2013367 0.2067509 0.2156879 0.2249273 0.2266913 0.2251202 0.2412495 0.2527167 0.2497584 0.258815 0.3020747 0.3167182 0.2860893 0.3884133 -9999 -9999 -9999 -9999 -9999 -9999 -9999 -9999 -9999 -9999 -9999 -9999 -9999 -9999 -9999 -9999 -9999 -9999 -9999
5.085487 6.213749 6.675509 6.048221 4.284339 2.882777 5.266003 3.397175 4.873425 7.370529 8.522966 8.01607 7.723463 9.053443 10.76523 10.75167 9.604609 8.107177 6.572099 4.911415 3.425566 1.589699 0.2998409 0.0203263 0.05925493 0.1147503 0.1589769 0.1785234 0.1851472 0.1893592 0.19358 0.1986898 0.2050759 0.2167233 0.2310742 0.2343722 0.2281341 0.2425578 0.2609453 0.2681281 0.2792264 0.3693137 -9999 -9999 -9999 -9999 -9999 -9999 -9999 -9999 -9999 -9999 -9999 -9999 -9999 -9999 -9999 -9999 -9999 -9999 -9999 -9999 -9999 -9999
2.49883 1.844647 1.743301 3.298766 4.411351 3.165779 3.346874 4.09956 4.421972 6.050329 7.699716 8.389891 8.742142 7.877042 4.132006 1.562126 4.039174 4.627166 3.307009 2.734383 3.235667 1.958741 0.5527362 0.0008483318 0 0.01294448 0.03584674 0.0575583 0.07442371 0.09016448 0.1025358 0.1090621 0.1114073 0.1146068 0.1244858 0.1428667 0.1522046 0.1758601 0.2057619 0.2209324 0.2644435 -9999 -9999 -9999 -9999 -9999 -9999 -9999 -9999 -9999 -9999 -9999 -9999 -9999 -9999 -9999 -9999 -9999 -9999 -9999 -9999 -9999 -9999 -9999
