dat/slope.txt
ncols         258
nrows         248
xllcorner     549290.27599977
yllcorner     3501743.7800992
cellsize      50
NODATA_value  -9999
[rows 196 to 223 of 248, columns 64 to 127 of 258]
5.704816 6.418855 8.512736 9.74617 10.07578 7.226604 3.696126 2.108054 1.753691 1.119603 1.778483 2.154771 2.652023 4.844633 3.131309 3.187644 7.741502 8.182973 3.20131 1.985489 2.815307 3.163285 4.339673 5.156419 6.764223 2.801652 4.690368 8.236009 8.800534 7.015846 5.424569 4.360322 4.072891 5.376132 5.651938 4.478834 3.415555 1.22453 0.5939648 2.431268 4.201421 3.176281 1.272491 4.766134 5.957335 5.302129 2.525207 0.5911677 1.747571 6.09792 8.204662 4.745238 1.996779 3.890606 10.10192 8.684977 3.07417 0.3217388 1.037954 2.805936 4.461191 5.344369 5.336496 5.818127
6.821002 1.440176 2.425599 5.569009 5.994368 3.422327 1.988135 2.144565 1.892591 1.494545 2.156674 3.064524 3.478028 5.045226 5.011146 1.662786 5.942134 9.628636 5.487092 0.9711646 1.628984 3.079659 4.036849 4.06614 6.794394 8.162873 5.602859 1.61184 2.105876 3.246054 3.475161 3.088343 3.648673 5.629828 6.214105 5.395274 4.977343 3.52819 1.985548 0.3164384 1.608444 3.696201 3.365225 2.019328 1.045302 2.179611 4.13109 5.529511 6.346716 7.407402 6.999077 3.955034 1.668572 5.390921 11.25656 7.86603 1.859227 5.945462 5.052878 1.069452 3.688333 8.885455 6.135907 5.218601
21.95855 15.41836 10.42477 9.070245 8.012364 4.399004 1.914022 1.810277 1.522452 1.807907 2.275918 2.861125 3.634329 4.982062 5.457094 3.639515 1.700339 8.32972 8.144437 4.168417 2.656617 2.631667 3.625303 3.242839 3.75507 6.331005 8.878999 8.396214 5.789457 3.249936 1.720268 0.5783555 1.439735 4.13774 5.582203 5.008139 4.61999 4.280836 3.85589 2.70762 0.896602 1.341057 3.042008 3.536488 3.353096 4.504811 6.047461 6.358722 6.805397 6.447192 4.782876 2.390261 0.8267356 7.532569 12.13424 4.913002 6.594054 8.068521 8.276792 4.43337 1.621228 10.11859 8.414221 3.284908
23.38061 20.68277 16.62915 13.97837 12.1448 9.237977 5.652974 2.818133 2.01668 2.622867 2.763374 1.090144 1.754734 3.915625 4.673106 4.36305 3.559976 4.159065 6.376712 5.203688 4.742498 4.355855 2.902875 1.335597 1.630054 0.8576483 3.12666 5.792658 6.461323 6.477285 5.669297 4.387043 3.785861 3.849678 4.464657 3.889729 2.729481 1.648627 2.347513 3.125667 2.03009 0.6481321 0.5354258 1.119569 1.363033 3.375586 5.127688 4.294172 3.321231 2.299122 1.681904 1.056108 0.9489442 8.493413 11.47372 2.210047 9.199464 7.048905 7.589275 7.329678 1.489007 9.269572 9.284457 0.3471252
20.87317 18.37881 14.11747 11.11973 9.941373 10.00728 8.316379 4.68343 3.545499 3.88648 3.860192 2.155434 0.5354606 2.502855 4.210614 4.820654 5.146018 3.998029 3.620642 3.756747 4.486558 5.089179 3.695984 3.452451 3.98379 4.340378 2.353598 2.461883 5.264754 6.878644 7.328021 7.100224 7.325121 6.887227 5.514481 4.254681 3.049942 2.354557 2.317975 2.082746 1.835045 1.393644 0.8126608 0.7826469 0.790914 2.903908 4.610836 3.768629 2.869548 2.129466 1.838377 1.454044 1.180441 7.759058 9.869983 3.491956 9.215179 6.908124 5.088455 8.482553 5.264957 7.339804 8.429149 1.406876
22.91414 19.13274 16.46399 13.81216 10.90369 10.65443 10.28509 7.930275 6.311846 5.693056 4.825559 3.469756 2.847291 1.109646 4.146206 6.935522 7.934713 6.814032 3.175603 1.624445 4.11305 6.027898 6.56613 6.74813 6.482435 7.16057 7.126801 5.32442 3.408987 5.152402 8.411513 9.394591 9.339392 8.379466 7.195282 6.000878 4.74745 3.899223 3.239741 2.398473 1.615434 1.498032 1.086293 0.4040991 0.2547998 1.84412 4.010372 5.547356 6.525138 5.981121 4.087179 2.884801 2.958232 5.172506 7.109532 6.257281 7.575091 3.96781 1.77277 4.855307 5.988383 6.182217 5.325891 2.99048
23.03831 20.48753 19.91329 15.35543 11.14952 9.971129 9.843106 8.203509 6.883859 6.836796 5.404101 4.076841 4.130922 4.618704 4.454806 4.498061 5.460579 6.184868 4.942923 1.676545 3.474022 5.496009 5.452566 4.2399 3.343579 4.556163 5.19229 6.580289 9.250094 6.067329 3.180289 4.862292 4.648023 4.271103 4.088007 3.746567 3.030686 2.256836 1.562015 1.210863 1.043683 0.9828821 0.7883649 0.478316 0.4730091 1.289627 3.337469 5.208215 6.302711 7.233971 5.043985 3.562418 5.648515 5.886961 4.012479 1.947181 4.0096 2.891633 3.013584 3.054682 1.158054 2.024482 2.512732 4.503465
27.21528 27.75889 25.01371 14.53642 10.82569 10.29188 9.464273 6.786978 5.731865 7.009604 6.188764 4.156286 4.01591 6.173562 5.733782 1.753503 0.1048167 3.409023 5.786896 4.411427 1.41717 1.543577 2.93986 4.045221 4.22691 3.262117 1.380612 2.037241 7.783284 11.64739 7.512416 4.478571 3.486044 2.762176 1.941144 1.037876 0.7897307 1.304506 1.76292 1.594935 0.991581 0.6900508 0.540194 0.5823848 0.8316193 2.034956 2.785653 2.651705 2.404479 6.693774 4.430046 5.25794 6.031464 6.087171 6.26463 6.379978 6.721256 4.297441 4.803249 5.469318 5.913465 6.178367 4.607282 4.481376
27.0459 34.15658 31.69844 13.10687 10.6213 12.45717 12.78841 7.70921 5.163743 6.377954 6.134309 4.319279 4.266 5.995633 5.512736 2.19534 0.6169479 1.8104 4.572572 5.331237 3.91786 2.600908 4.520742 4.779439 3.729783 2.574012 1.235313 0.1881766 2.723269 8.672575 10.73465 11.04437 10.05929 7.994065 6.412104 4.885349 3.847321 3.777225 3.359203 2.618752 1.608001 0.7040168 0.3627429 0.4223758 0.9814609 2.809305 2.317908 1.526907 2.80029 6.449146 2.325765 7.091988 4.086566 2.571839 1.832746 1.635255 5.467962 1.814206 5.600922 4.766261 4.159235 4.543426 4.027449 4.136506
26.41086 37.84708 35.79073 28.36892 28.68207 28.20195 26.27901 18.06345 11.586 9.852976 8.51518 4.744319 3.985757 5.348544 5.066867 2.346588 0.8550758 0.6243875 2.668187 4.601287 5.132538 3.560113 3.384491 3.745525 3.103859 2.744635 4.194436 2.83738 0.5677529 2.644877 5.334656 6.982411 7.905671 8.20226 8.682044 8.880769 7.49411 4.980791 2.759685 3.010405 2.010299 0.4280631 0.2569428 1.041498 2.953762 3.642318 1.005051 2.435506 3.608418 3.824435 4.828099 6.34414 2.68064 1.509663 0.9672 3.054991 4.534159 2.193651 6.108365 2.701902 1.882973 3.91404 3.281292 4.513687
26.32569 35.6007 37.24247 40.61793 41.04981 40.32003 37.76247 26.44561 17.031 15.46371 11.74968 3.73771 3.088292 4.858239 4.998625 2.524041 0.9619787 0.314612 1.357394 3.145864 4.657115 4.438788 1.701037 2.658783 4.306144 4.359636 3.911548 5.752938 2.926387 0.4778406 0.151582 0.2113218 1.110769 2.484877 3.969458 5.226804 5.131971 4.249545 3.93849 3.553413 1.929017 0.1047207 0.2647598 1.969728 4.529984 3.285638 2.807644 2.689627 3.248179 3.540094 4.422649 3.104643 0.6311176 2.062161 2.541871 2.193352 1.768054 5.492782 5.423944 2.194513 1.860266 3.93945 3.493527 4.415517
14.49093 24.66209 27.129 30.5014 31.65261 35.43315 38.99889 27.84088 18.44122 16.99281 13.33129 5.38986 4.206364 5.538847 5.560571 2.967343 1.251413 0.8094819 1.029157 1.345346 2.197938 3.454552 2.953296 1.721468 3.378167 6.315252 2.526792 5.141391 5.182912 2.076731 0.664861 0.8822185 1.254733 1.509284 1.706705 2.435453 3.193037 4.496884 4.600782 3.356709 1.834233 0.1272509 0.3653493 2.661921 4.862433 1.603887 3.262445 3.62598 3.763858 2.78893 1.384879 0.8709595 2.10428 2.538057 1.302424 2.269336 3.887432 4.81683 2.686672 0.6253406 0.6652164 2.513216 2.894439 1.978597
11.17388 7.908777 6.665477 11.19911 14.86141 29.81138 41.77979 29.97538 19.58948 16.14089 12.09292 5.465762 4.66523 6.405355 6.379849 3.721816 1.888571 1.264763 1.512024 1.521511 1.897227 2.749277 3.19663 2.802696 2.447346 5.928819 4.28843 2.761821 5.282058 3.729796 1.725803 1.737138 2.069578 2.406722 2.90287 3.257834 3.276517 4.249362 4.195938 2.958631 1.751308 0.229923 0.5798963 2.931157 4.668802 2.008777 1.928921 3.106804 3.264561 2.760181 1.577635 0.8822061 1.838714 0.7438754 1.51473 2.768337 3.168454 2.815612 0.2531568 2.030522 2.319151 1.669431 0.574712 1.029688
35.47754 35.26964 34.83317 34.40423 33.12727 39.5787 42.40296 27.67933 18.78857 14.66438 9.913208 5.052601 4.547136 6.510813 6.650927 4.841774 3.981281 2.935904 2.12209 1.315298 1.960891 2.910212 3.51552 3.80935 3.97424 5.135283 3.499302 1.116282 3.536644 4.541039 4.105153 3.536139 3.369599 3.725647 4.119162 4.152631 3.969822 4.373545 4.090016 2.687271 1.384758 0.2000436 0.9601302 3.322111 4.137867 2.181051 0.009494163 1.375792 1.824656 2.382713 2.882422 2.833888 2.309983 3.017068 4.422441 4.129602 3.430516 2.004824 2.01987 3.429892 3.281549 3.530579 3.145566 2.305962
31.4887 35.78074 38.64477 40.3038 39.27015 38.41332 33.92772 21.04977 15.53149 12.3437 8.019964 4.765307 4.435112 5.876676 5.620694 4.185971 5.056213 6.258724 4.580856 1.162132 0.9760318 1.866295 2.920732 3.450414 3.52533 3.345935 1.846831 0.3788213 1.689077 3.200447 3.847323 3.544376 3.166233 3.398693 3.592088 3.648729 3.619466 4.007237 3.764263 2.089267 0.6922458 0.008768349 1.696507 4.300427 3.845084 1.273095 0.4044564 0.9789975 0.9446247 1.01691 1.05892 2.365505 2.699509 3.130508 2.105985 0.5529611 1.085083 1.085706 3.603417 4.042161 1.638631 1.270137 1.483544 0.8992859
14.84833 16.5941 16.78643 17.01814 17.14063 21.51356 22.0535 13.95552 11.17041 9.9617 7.307375 4.777239 4.547144 5.575166 4.73896 2.012447 1.679569 6.249142 6.592493 1.44441 1.331744 1.098083 0.932084 1.478578 1.75839 1.67949 1.093694 0.744293 1.039276 1.450468 1.816044 1.965054 1.830658 2.15531 2.199958 2.040216 2.205063 2.980009 2.760699 1.141912 0.7104884 0.827494 3.293162 6.235831 4.738527 2.407641 0.8964678 0.6489126 1.68757 3.059532 2.278027 0.1016813 1.35515 0.5058447 3.256192 4.586757 4.285887 1.696005 3.081721 4.578036 2.806365 0.8748992 0.9373418 0.2327191
15.51487 15.34317 14.18262 14.31666 14.77798 17.74488 17.47255 11.08016 9.193523 8.156461 6.606885 4.589831 4.477892 6.08522 5.485808 3.283745 3.920427 6.065067 5.527871 1.518189 1.616926 2.019419 1.938337 1.121392 0.9099081 0.9993699 0.9541147 0.9722216 1.136199 1.24972 1.389328 1.529326 1.576326 1.950614 2.184504 1.870935 2.028659 2.663903 2.050014 0.6937829 0.8851626 2.719349 6.06809 7.93238 4.60772 4.089878 2.052925 1.41958 3.508193 3.516294 2.663922 1.666599 0.9992971 1.914621 3.442713 2.519685 4.663663 3.110912 4.075946 3.120062 2.205686 0.705865 0.5194473 0.4594634
19.70763 17.99517 15.92111 15.52823 15.19346 14.30249 12.86523 8.338776 6.841463 7.069466 6.809498 5.047458 4.603073 7.299674 7.813812 5.802929 5.364096 3.291436 2.176444 3.414661 2.780448 3.152381 3.849973 3.277062 2.58858 2.346335 1.75035 0.9809586 0.6577647 0.3487167 1.037014 1.547141 1.717805 2.018595 2.12537 1.613448 1.429531 1.604569 1.434258 2.206245 3.217968 6.507627 8.429219 5.824018 1.482311 4.609483 3.657135 2.030523 3.773225 3.019571 3.411231 3.843105 0.7357767 2.952884 4.065221 0.9760101 4.096751 2.42264 4.978821 3.530153 1.585829 0.07002164 0.1301873 0.9413621
14.66232 13.30926 11.6201 11.09877 11.00206 10.18748 8.753202 5.790079 4.409516 7.106979 7.611214 5.311889 5.066116 7.988954 8.517664 4.215939 1.487695 2.367992 3.835936 4.739349 4.017012 3.983637 4.546537 3.759538 3.877211 4.60987 4.314186 2.845599 1.985501 1.505122 0.9300901 0.5870376 0.8867893 1.35752 1.310415 0.7146121 0.9927779 1.705095 2.696785 3.815864 4.947809 6.328653 4.591848 2.804539 2.662544 2.872165 4.268941 3.207857 4.410203 4.534145 1.902282 5.483269 4.793737 2.250765 4.406964 1.859024 3.488664 1.310011 4.141879 1.884003 2.4047 1.126443 0.2939004 1.413653
6.237165 5.454602 4.737777 4.602067 4.912983 5.90613 5.94911 4.124211 3.050905 7.806178 8.688738 3.763233 3.080592 6.784879 7.596556 2.371032 2.314861 5.37869 4.816705 5.047991 5.23522 4.602991 4.847398 2.682189 3.747437 4.496365 4.939188 3.203602 2.210306 2.047335 1.696209 0.9819303 0.8476872 1.118849 1.162647 1.299225 1.667809 2.051572 2.439425 2.588452 2.444471 2.357612 3.584449 4.580738 4.548059 1.895637 2.416547 4.182369 5.218368 7.530019 4.883283 2.324007 5.696889 5.151264 4.393738 2.436172 3.274782 1.200424 3.685259 1.986252 2.635346 3.184381 3.091076 4.027941
-9999 4.964507 4.476163 4.365268 4.892811 5.719939 5.492005 4.446106 3.552536 5.841255 8.261964 5.129416 3.643984 6.724189 7.794765 4.569157 5.889689 7.548169 6.188137 5.967243 6.019239 6.050188 6.432926 4.491588 4.815521 4.126732 4.798957 2.701381 2.395121 2.351771 1.799528 1.176417 1.248875 1.436522 1.467775 1.560734 1.694738 1.852243 1.756319 1.160127 0.8477639 1.738089 2.957567 3.398236 4.110493 4.06606 1.842104 0.8841623 1.92337 6.625636 7.711268 3.246932 0.7367153 3.434555 3.880246 2.398666 3.37635 2.293188 2.674275 3.985168 2.164868 4.150372 4.909477 5.09738
-9999 -9999 7.191033 6.639139 6.113206 6.265306 6.029242 5.925378 6.285786 5.802611 4.369151 4.338043 6.083169 8.985712 11.05099 12.09192 12.45136 10.16116 6.625936 5.19583 4.781379 6.181755 7.435082 6.433472 4.128921 5.041365 4.487134 3.607798 4.011801 3.794935 4.088484 3.774902 2.684123 2.21696 1.978164 1.87248 1.674441 0.7996495 0.9743046 2.19747 2.916824 3.721377 4.183395 4.526638 5.464378 7.042252 8.131721 8.124044 6.994044 3.592933 4.63422 7.537707 7.278534 4.796208 2.284914 1.150633 3.306239 4.694807 4.62082 5.411129 3.704976 3.829082 4.655676 4.516066
-9999 -9999 6.180451 6.466334 5.650462 5.412642 5.314014 5.320496 5.99045 6.777849 5.836949 3.001626 0.2714872 3.942193 6.543651 7.048282 5.550573 2.672916 1.338891 2.140543 2.049677 2.382496 2.958029 3.492344 4.284164 5.52767 4.544782 4.430147 4.813429 3.203264 2.882555 3.661791 2.816227 2.61907 2.389295 1.768131 1.172585 2.111052 3.255166 3.570042 3.616995 3.638345 3.444001 3.507829 4.401704 5.716199 6.991999 7.599778 7.768855 6.974449 3.479099 2.045078 5.904956 8.102148 6.661025 3.097843 1.143702 4.185016 5.833658 5.252238 3.559445 3.013127 3.215528 2.872739
-9999 -9999 1.774073 1.917605 2.331499 3.399387 3.720169 3.232397 3.209288 3.374484 3.661731 5.850182 7.273038 6.856812 5.809866 6.07189 7.038798 7.48668 7.503021 7.210111 6.913941 5.976642 4.317503 2.432895 2.23807 4.491932 3.711079 2.255522 4.610753 3.03646 1.775872 1.988725 0.9083626 2.428674 3.299554 2.444461 1.993953 3.489029 3.368914 1.818754 1.641801 1.844218 1.728074 1.262256 1.346414 1.419778 1.805274 2.210043 2.4807 4.565427 6.433227 5.768775 2.997523 3.74354 6.398198 4.968902 4.108191 2.710033 2.395331 2.345136 2.106209 1.517326 0.6708704 0.776037
-9999 -9999 2.183059 0.3887347 1.437368 3.210537 3.517204 2.767227 2.031524 1.718107 1.833255 1.515876 3.613698 5.794143 7.471432 7.673219 6.598466 6.392533 7.14993 7.199831 6.77729 6.39364 6.414271 5.967452 4.119444 2.507151 3.255811 2.208706 5.340115 4.167985 1.275078 0.9517658 1.805321 3.907765 4.188038 4.298228 3.304996 3.130623 2.784809 1.461634 0.5947917 0.9523588 0.9504774 0.2880688 0.0799077 0.2544615 0.916343 0.9966666 1.488614 2.770201 4.124053 5.236246 5.880565 3.604447 3.237962 4.085813 4.835842 5.172782 3.106934 1.48698 0.9612653 0.4824819 1.616567 2.089961
-9999 -9999 2.152791 1.044875 1.845437 3.392595 3.739014 2.594473 1.449503 0.2805504 2.442714 4.424945 5.524403 5.904391 4.72784 2.772113 2.302851 3.136354 3.486049 1.852096 1.460018 2.249708 3.767225 5.496714 6.965355 5.917636 3.895368 3.57057 5.353564 3.581499 0.08032954 0.3521421 4.414969 3.511244 4.594896 5.167336 2.365813 3.923966 5.467483 4.824175 3.071521 2.325971 2.474566 2.723068 2.609024 2.362972 2.436947 2.304871 1.475538 0.3348355 2.265577 3.87828 5.201232 5.366737 3.22965 2.892538 4.222445 5.934493 3.714903 0.6386148 1.411476 3.500916 4.284193 3.752631
-9999 -9999 1.948085 1.18002 1.498283 3.341183 4.003766 1.934105 0.8765815 1.412518 0.9851254 0.4187748 2.12701 4.65962 8.034285 8.9424 8.04229 8.253293 9.14689 9.028902 7.677508 5.402916 2.93988 1.397126 2.80298 4.663054 4.361876 5.001605 4.539091 1.982826 0.01622755 1.058927 6.091605 0.9725423 6.931447 2.441996 4.588596 6.469808 6.642206 5.93283 4.872407 3.9849 3.602441 3.462531 3.277738 3.094664 3.052973 3.119268 2.987032 2.159155 0.9128315 2.20646 3.14329 4.087232 3.749768 3.869853 4.751243 5.344607 2.891596 0.9259847 2.798081 5.175739 4.19306 3.453767
-9999 -9999 -9999 0.8799415 1.060565 3.074323 4.316152 1.888415 0.03351682 0.6372008 1.985468 3.475568 5.022193 5.000239 1.887127 1.579905 3.345953 4.998604 5.91748 6.616531 7.345381 7.026029 5.77059 4.375196 2.834499 0.8656135 3.048506 3.834006 2.105569 0.4851041 0 1.914138 7.024975 1.908564 7.077134 5.03714 6.404585 4.251966 5.049144 3.809174 3.897942 3.727249 3.088223 2.537637 2.11896 1.92888 1.9108 1.922334 2.265481 3.091332 2.320709 0.6744254 1.379582 2.77751 2.936422 3.310149 3.894925 3.624612 1.464395 1.352083 3.486363 5.424435 2.095591 2.881246
