dat/surotime.txt
ncols         258
nrows         248
xllcorner     549290.27599977
yllcorner     3501743.7800992
cellsize      50
NODATA_value  -9999
[rows 114 to 151 of 248, columns 84 to 167 of 258]
2.46 2.45 2.43 2.36 2.36 2.34 2.35 2.35 2.36 2.00 1.95 1.93 1.93 2.36 2.32 2.30 2.35 2.40 2.08 2.06 2.01 1.99 1.98 2.02 2.13 2.06 2.09 4.00 3.99 4.08 3.95 3.90 3.64 3.50 3.45 3.43 3.90 3.31 3.37 3.39 3.44 3.50 3.00 2.96 2.95 2.92 2.94 2.95 2.93 2.99 3.02 3.16 0.03 0.00 0.98 1.00 0.80 0.74 0.69 0.66 0.64 0.62 0.64 0.00 0.00 0.40 0.39 0.38 0.39 0.28 0.27 0.26 0.19 0.16 0.15 0.12 0.08 0.03 0.00 0.00 0.00 0.00 1.17 1.09
2.34 2.38 2.38 2.36 2.33 2.32 2.32 2.33 2.34 0.00 1.93 1.89 1.88 2.32 2.31 2.28 1.81 1.84 1.86 2.03 2.02 1.97 1.94 2.00 1.98 2.06 2.15 2.10 2.07 2.04 2.09 0.00 3.61 3.50 3.45 3.40 3.62 3.26 3.31 3.36 3.42 3.17 3.00 2.94 2.91 2.89 2.91 2.90 2.94 2.98 3.05 3.11 3.24 3.38 3.41 0.00 0.82 0.77 0.72 0.69 0.67 0.00 2.99 2.99 3.01 3.02 0.00 0.36 0.32 0.27 0.26 0.24 0.21 0.20 0.20 0.22 0.11 0.12 0.04 0.00 0.00 0.00 0.00 1.07
2.36 2.31 2.30 2.29 2.32 2.29 2.30 2.31 2.33 0.00 1.95 1.89 1.87 1.85 1.84 2.22 1.80 1.81 1.84 1.98 1.95 1.93 1.90 1.90 1.95 1.99 2.09 2.02 1.99 1.95 1.98 2.11 3.57 3.49 3.41 3.37 3.28 3.20 3.28 3.34 3.08 3.03 2.97 2.92 2.88 2.86 2.87 2.88 2.93 2.99 3.04 3.10 3.18 3.34 3.31 3.30 3.27 3.35 0.79 0.73 0.72 0.00 2.96 2.97 2.98 2.99 3.02 0.36 0.33 0.30 0.28 0.26 0.29 0.23 0.26 0.29 0.33 0.15 0.06 0.03 0.02 0.00 0.00 0.00
2.35 2.30 2.28 2.26 2.24 2.26 2.29 2.31 2.33 0.00 1.92 1.93 1.89 1.83 1.82 1.99 1.78 1.80 1.82 1.94 1.92 1.90 1.87 1.87 1.88 1.95 2.00 1.89 1.90 1.86 1.85 0.00 3.27 3.26 3.23 3.21 3.17 3.11 3.07 3.01 2.96 2.93 2.95 2.81 2.83 2.82 2.83 2.87 2.92 2.97 3.02 3.08 3.16 3.30 3.27 3.26 3.22 3.24 3.26 0.77 0.00 2.96 2.94 2.93 2.95 2.98 3.00 0.39 0.38 0.32 0.30 0.29 0.31 0.31 0.29 0.31 0.34 0.37 0.39 0.10 0.05 0.03 0.00 0.00
3.27 2.31 2.28 2.24 2.19 2.20 2.19 2.22 2.24 2.11 1.70 1.93 1.92 1.85 1.83 1.79 1.76 1.78 1.81 1.96 1.93 1.89 1.87 1.85 1.83 1.88 1.95 1.87 1.83 1.78 1.86 1.86 3.29 3.27 3.24 3.23 3.21 3.06 3.02 2.97 2.93 2.90 2.93 2.77 2.76 2.78 2.81 2.86 2.91 2.95 3.00 3.06 3.15 3.28 3.24 3.22 3.18 3.20 3.23 3.27 2.98 2.95 2.92 2.89 2.93 2.96 2.99 0.37 0.36 0.34 0.32 0.33 0.32 0.32 0.31 0.32 0.35 0.40 0.41 0.11 0.09 0.06 0.04 0.00
3.18 3.23 2.27 2.21 2.16 2.10 2.16 2.06 2.08 2.06 1.67 1.66 1.65 1.90 1.67 1.66 1.69 1.67 1.69 1.68 1.82 1.80 1.78 1.77 1.81 1.86 1.94 1.79 1.74 1.73 1.78 1.89 3.31 3.28 3.26 3.24 3.11 3.07 3.02 3.01 2.90 2.84 2.78 2.74 2.73 2.74 2.77 2.79 2.82 2.86 2.90 2.95 3.01 3.26 3.22 3.18 3.14 3.19 3.22 3.08 2.92 2.89 2.87 2.85 2.88 2.91 2.94 0.39 0.37 0.36 0.34 0.37 0.36 0.35 0.33 0.35 0.36 0.39 0.17 0.13 0.10 0.08 0.05 0.00
3.15 3.18 3.26 2.13 2.08 2.03 1.99 2.00 2.03 2.05 1.67 1.65 1.63 1.71 1.68 1.66 1.63 1.61 1.64 1.66 1.81 1.78 1.76 1.75 1.76 1.75 1.83 1.79 1.73 1.68 1.76 1.81 1.66 3.30 3.27 3.15 3.12 3.07 3.05 3.04 2.92 2.78 2.74 2.71 2.69 2.70 2.73 2.66 2.70 2.72 2.75 2.80 3.02 3.21 3.18 3.14 3.06 2.99 3.03 3.05 2.90 2.86 2.83 2.82 2.86 2.88 2.92 0.43 0.39 0.38 0.37 0.37 0.38 0.36 0.39 1.01 0.97 1.01 1.04 0.13 0.11 0.07 0.05 0.07
3.12 2.19 2.21 1.96 1.92 1.95 1.94 1.95 1.94 1.96 1.66 1.63 1.61 1.59 1.58 1.55 1.57 1.59 1.61 1.63 1.67 1.79 1.77 1.75 1.73 1.71 1.73 1.71 1.68 1.62 1.60 1.61 1.62 0.00 3.21 3.17 3.11 3.10 3.09 2.97 2.83 2.75 2.72 2.69 2.63 2.59 2.61 2.62 2.65 2.69 2.72 2.75 2.89 3.09 3.05 3.03 3.00 2.95 2.99 2.84 2.81 2.79 2.76 2.78 2.82 2.84 2.87 0.00 0.99 0.98 0.97 0.94 0.96 1.00 0.98 0.96 0.92 0.90 0.91 0.15 0.11 0.15 0.12 0.09
3.08 2.15 2.19 1.94 1.91 1.89 1.91 1.92 1.98 2.03 0.00 1.61 1.59 1.57 1.56 1.53 1.54 1.57 1.59 1.62 1.64 1.81 1.78 1.73 1.71 1.69 1.68 1.70 1.77 1.58 1.57 1.57 1.58 1.62 3.23 3.17 3.15 2.64 2.59 2.58 2.58 2.78 2.75 2.72 2.57 2.55 2.58 2.61 2.63 2.66 2.69 2.73 2.77 0.00 3.07 3.05 2.98 2.93 2.86 2.80 2.78 2.76 2.73 2.75 2.78 2.81 2.84 2.69 0.98 0.96 0.95 0.92 0.93 0.87 0.99 0.96 0.89 0.87 0.90 0.73 0.21 0.16 0.14 0.12
2.63 2.11 2.15 1.93 1.89 1.87 1.89 1.98 2.03 1.95 1.97 1.60 1.58 1.56 1.53 1.50 1.50 1.46 1.48 1.51 1.53 1.80 1.76 1.72 1.69 1.67 1.65 1.68 1.59 1.56 1.53 1.54 1.57 1.60 0.00 2.69 2.65 2.62 2.59 2.56 2.55 2.50 2.62 2.58 2.55 2.51 2.55 2.58 2.60 2.63 2.67 2.71 2.73 0.00 3.09 3.05 3.02 2.96 2.89 2.79 2.74 2.73 2.70 2.71 2.74 2.77 2.63 2.64 0.97 0.95 0.92 0.90 0.85 0.83 0.85 0.82 0.89 0.79 0.69 0.30 0.29 0.17 0.16 0.14
2.11 2.06 2.11 1.90 1.87 1.86 1.86 1.96 1.92 1.94 1.97 1.62 1.59 1.57 1.56 1.48 1.45 1.43 1.46 1.48 1.51 1.55 1.75 1.63 1.60 1.58 1.59 1.56 1.58 1.52 1.49 1.52 1.55 1.58 0.00 2.67 2.63 2.60 2.58 2.55 2.51 2.48 2.46 2.53 2.50 2.45 2.50 2.52 2.55 2.57 2.60 2.65 2.48 0.00 3.09 3.10 3.06 3.03 2.83 2.77 2.73 2.69 2.65 2.64 2.68 2.57 2.60 2.63 0.00 0.95 0.90 0.87 0.84 0.82 0.79 0.77 0.78 0.69 0.65 0.28 0.26 0.22 0.26 0.16
2.00 2.00 1.98 1.92 1.86 1.84 1.83 1.94 1.90 1.93 1.95 0.00 1.60 1.59 1.51 1.50 1.48 1.40 1.46 1.47 1.55 1.68 1.81 1.73 1.65 1.57 1.54 1.53 1.49 1.49 1.46 1.49 1.52 1.55 1.58 2.69 2.65 2.61 2.59 2.56 2.48 2.46 2.45 2.41 2.40 2.40 2.40 2.31 2.30 2.31 2.36 2.42 2.44 0.00 3.14 3.11 3.10 3.07 2.83 2.78 2.74 2.64 2.61 2.60 2.53 2.56 2.57 2.59 2.62 1.04 0.96 0.84 0.82 0.80 0.75 0.70 0.66 0.62 0.57 0.45 0.32 0.25 0.28 0.18
1.98 1.95 1.94 1.94 1.85 1.83 1.80 1.92 1.88 1.89 1.91 1.94 0.00 1.56 1.54 1.51 1.40 1.34 1.40 1.33 1.32 1.30 1.82 1.76 1.64 1.54 1.52 1.49 1.46 1.48 1.43 1.45 1.47 1.50 1.54 2.50 2.67 2.63 2.61 2.58 2.49 2.48 2.42 2.40 2.37 2.36 2.28 2.28 2.29 2.32 2.37 2.40 2.43 2.54 3.16 3.15 3.13 3.11 2.87 2.79 2.69 2.61 2.59 2.54 2.49 2.53 2.56 2.59 2.62 0.00 0.93 0.90 0.87 0.87 0.79 0.74 0.72 0.68 0.62 0.58 0.40 0.27 0.28 0.23
1.97 1.91 1.90 1.91 1.89 1.81 1.78 1.89 1.86 1.88 1.91 1.92 1.95 0.00 1.55 1.32 1.30 1.27 1.26 1.26 1.28 1.29 1.57 1.54 1.51 1.49 1.47 1.44 1.42 1.39 1.40 1.44 1.46 1.50 1.53 2.49 2.43 2.41 2.40 2.36 2.54 2.46 2.43 2.37 2.35 2.32 2.25 2.27 2.30 2.32 2.35 2.37 2.42 2.25 2.29 0.00 2.70 2.65 2.65 2.64 2.45 2.51 2.49 2.45 2.44 2.43 2.46 2.49 2.54 2.55 0.00 1.01 1.09 0.98 1.05 0.83 0.80 0.69 0.68 0.72 0.71 0.48 0.00 2.73
1.94 1.88 1.88 1.87 1.85 1.79 1.75 1.87 1.84 1.87 1.89 1.89 1.92 1.93 1.36 1.33 1.27 1.25 1.24 1.26 1.27 1.34 1.21 1.51 1.48 1.46 1.44 1.42 1.38 1.35 1.38 1.41 1.43 1.46 1.50 2.47 2.41 2.38 2.37 2.32 2.33 2.38 2.35 2.33 2.31 2.29 2.23 2.25 2.28 2.31 2.33 2.23 2.19 2.21 2.23 0.00 2.73 2.64 2.61 2.61 2.41 2.38 2.35 2.39 2.38 2.39 2.42 2.47 2.51 2.53 2.55 1.15 1.09 1.06 1.14 0.96 0.86 2.87 2.84 2.96 2.99 2.97 2.74 2.70
2.00 1.91 1.85 1.83 1.81 1.77 1.72 1.83 1.83 1.84 1.82 1.86 1.90 1.91 1.93 1.31 1.26 1.24 1.22 1.23 1.28 1.17 1.19 1.50 1.46 1.44 1.41 1.38 1.35 1.30 1.34 1.27 1.28 1.31 1.34 2.44 2.40 2.37 2.34 2.29 2.28 2.26 2.23 2.21 2.19 2.25 2.20 2.22 2.28 2.32 2.44 2.17 2.15 2.17 2.21 0.00 2.72 2.69 2.61 2.59 2.38 2.34 2.33 2.30 2.33 2.38 2.41 2.45 2.48 2.51 2.54 1.16 1.10 1.13 1.18 2.97 2.81 2.83 2.75 2.86 2.89 2.94 2.73 2.70
2.13 2.04 1.93 1.86 1.78 1.74 1.69 1.78 1.79 1.78 1.79 1.83 1.87 1.90 1.93 1.29 1.26 1.21 1.19 1.19 1.13 1.16 1.18 1.20 1.48 1.44 1.42 1.39 1.30 1.26 1.23 1.24 1.27 1.30 1.32 1.26 2.37 2.35 2.33 2.29 2.26 2.23 2.21 2.20 2.17 2.19 2.17 2.20 2.22 2.29 2.19 2.11 2.12 2.16 2.19 0.00 2.68 2.67 2.62 2.51 2.36 2.33 2.30 2.25 2.31 2.35 2.38 2.48 2.51 2.54 2.56 0.00 1.29 1.25 0.00 2.89 2.77 2.72 2.67 2.76 2.85 2.93 2.99 2.70
2.12 2.03 1.97 1.79 1.74 1.71 1.65 1.71 1.73 1.74 1.78 1.83 1.87 1.90 1.28 1.27 1.22 1.20 1.18 1.14 1.10 1.13 1.16 1.16 1.44 1.39 1.36 1.34 1.31 1.23 1.19 1.23 1.14 1.16 1.18 1.21 2.40 2.37 2.34 2.29 2.28 2.23 2.20 2.17 2.13 2.13 2.16 2.21 2.24 2.04 2.11 2.07 2.11 2.15 2.18 2.30 2.26 2.70 2.60 2.58 2.22 2.19 2.14 2.16 2.15 2.19 2.21 2.24 2.29 2.10 2.08 2.09 2.24 2.93 2.87 2.95 2.75 2.66 2.58 2.63 2.72 2.80 2.86 2.69
1.17 2.04 1.94 1.86 1.80 1.66 1.60 1.65 1.67 1.71 1.75 1.79 1.82 1.87 1.28 1.24 1.17 1.14 1.12 1.09 1.07 1.10 1.12 1.12 1.07 1.39 1.38 1.36 1.32 1.17 1.14 1.10 1.14 1.15 1.17 0.95 1.00 2.38 2.33 2.33 2.27 2.24 2.21 2.12 2.09 2.10 2.12 2.20 2.25 2.03 2.00 2.03 2.07 2.17 2.20 2.29 2.25 2.23 2.16 2.15 2.13 2.10 2.06 2.05 1.99 1.99 2.02 2.05 2.02 2.08 2.05 2.07 2.30 2.79 2.75 2.79 2.54 2.58 2.49 2.53 2.62 2.70 2.75 2.84
1.51 1.58 1.52 1.54 1.67 1.61 1.56 1.60 1.64 1.68 1.72 1.75 1.84 0.00 1.26 1.23 1.20 1.18 1.15 1.13 1.02 1.06 1.08 1.02 1.03 1.43 1.40 1.41 1.21 1.15 1.10 1.04 1.11 0.92 0.93 0.94 1.01 0.00 2.37 2.31 2.28 2.13 2.11 2.08 2.05 2.08 2.11 2.06 1.88 1.94 1.97 2.01 2.09 2.12 2.17 2.28 2.23 2.21 2.18 2.14 2.11 2.07 2.03 1.98 1.95 1.96 1.99 1.91 1.95 1.97 2.02 2.10 2.79 2.70 2.70 2.71 2.51 2.46 2.44 2.42 2.48 2.56 2.59 2.86
1.64 1.49 1.49 1.48 1.46 1.51 1.51 1.58 1.68 1.72 1.75 1.76 1.80 0.00 1.27 1.25 1.21 1.19 1.17 1.15 1.06 0.95 0.98 0.99 0.92 0.93 1.46 1.25 1.27 1.17 1.12 1.11 0.93 0.89 0.92 0.93 0.98 0.97 2.22 2.18 2.16 2.14 2.11 2.09 2.08 1.98 2.02 1.93 1.86 1.92 1.94 1.95 2.04 2.00 2.02 2.00 0.00 2.22 2.21 2.16 2.14 2.08 1.98 1.94 1.89 1.94 1.97 1.89 1.92 1.96 1.99 2.08 2.71 2.69 2.68 2.64 2.60 2.54 2.45 2.39 2.45 2.48 2.50 2.53
1.61 1.50 1.45 1.43 1.40 1.43 1.45 1.45 1.46 1.75 1.77 1.81 1.34 0.00 1.29 1.26 1.23 1.22 1.19 1.11 0.95 0.90 0.95 0.88 0.88 0.86 0.96 1.44 1.31 1.19 1.19 1.03 0.97 0.86 0.89 0.74 0.88 0.98 2.25 2.19 2.18 2.04 2.02 1.99 1.96 1.92 1.89 1.85 1.83 1.90 1.91 1.91 1.94 2.00 1.98 1.96 1.98 0.00 2.20 2.19 2.17 2.02 1.99 1.99 1.95 1.82 1.85 1.88 1.95 1.97 2.01 3.00 2.73 2.71 2.70 2.71 2.65 2.49 2.41 2.35 2.36 2.39 2.43 2.51
0.83 0.86 1.40 1.38 1.36 1.39 1.37 1.39 1.42 1.43 1.44 1.32 1.30 1.28 1.28 1.29 1.27 1.25 1.19 1.04 0.92 0.85 0.84 0.85 0.82 0.83 0.86 1.54 1.35 0.94 0.91 0.89 0.86 0.78 0.71 0.76 0.77 0.86 0.00 2.28 2.11 1.99 1.97 1.94 1.90 1.88 1.85 1.82 1.80 1.87 1.88 1.90 1.94 1.96 1.88 1.93 1.99 2.07 2.25 2.23 2.22 1.86 1.85 1.83 1.80 1.78 1.82 1.84 1.87 2.07 2.15 2.35 2.95 2.85 2.99 2.80 2.63 2.44 2.37 2.28 2.26 2.31 2.39 2.43
0.77 0.80 0.83 1.34 1.32 1.35 1.34 1.37 1.38 1.39 1.42 1.29 1.26 1.26 1.25 1.26 0.00 1.26 1.17 1.08 0.98 0.87 0.80 0.78 0.79 0.81 0.77 0.75 0.89 0.95 0.93 0.75 0.72 0.70 0.69 0.69 0.74 0.77 0.81 2.21 2.11 2.02 1.97 1.95 1.91 1.83 1.80 1.78 1.76 1.84 1.88 1.91 1.92 1.83 1.85 1.89 1.96 2.04 0.00 2.88 1.89 1.85 1.83 1.81 1.78 1.74 1.78 1.67 1.75 1.83 1.94 1.98 2.14 2.99 3.10 2.38 2.34 2.33 2.28 2.23 2.21 2.24 2.31 2.35
0.76 0.79 0.82 1.31 1.29 1.33 1.32 1.35 1.36 1.38 1.41 1.27 1.25 1.24 1.22 1.23 1.26 1.22 1.12 1.03 0.94 0.84 0.77 0.75 0.78 0.73 0.71 0.70 0.82 0.97 0.79 0.76 0.71 0.69 0.66 0.67 0.69 0.74 0.86 1.01 2.13 2.04 1.99 1.97 1.93 1.81 1.79 1.76 1.74 1.81 1.86 1.88 1.90 1.81 1.84 1.87 1.90 2.01 2.79 2.99 3.11 1.88 1.85 1.83 1.73 1.69 1.66 1.64 1.73 1.78 1.86 1.94 2.03 3.10 2.52 2.35 2.29 2.27 2.25 2.22 2.21 2.19 2.24 2.19
0.73 0.76 1.35 1.30 1.26 1.25 1.30 1.32 1.35 1.36 1.39 1.26 1.24 1.22 1.20 1.22 1.24 0.00 1.12 1.07 0.97 0.81 0.75 0.72 0.69 0.67 0.67 0.71 0.72 0.72 0.79 0.76 0.68 0.66 0.63 0.66 0.69 0.74 0.80 0.90 2.19 2.13 2.02 1.98 1.81 1.79 1.76 1.74 1.71 1.75 1.82 1.75 1.78 1.80 1.83 1.85 1.87 0.00 2.75 2.85 3.01 1.97 1.84 1.78 1.73 1.66 1.62 1.61 1.66 1.70 1.81 1.89 2.07 2.66 2.56 2.38 2.31 2.28 2.30 2.28 2.22 2.18 2.17 2.12
0.69 0.72 1.33 1.28 1.25 1.23 1.27 1.30 1.33 1.35 1.38 1.23 1.21 1.18 1.17 1.20 1.19 1.21 1.22 1.09 1.06 0.82 0.74 0.69 0.67 0.66 0.67 0.68 0.66 0.67 0.86 0.78 0.74 0.63 0.61 0.60 0.63 0.69 0.77 0.82 0.91 2.12 2.07 1.85 1.83 1.80 1.75 1.72 1.70 1.67 1.70 1.67 1.59 1.62 1.64 1.66 1.68 1.76 2.70 2.70 2.71 1.87 1.74 1.68 1.65 1.62 1.59 1.57 1.59 1.64 1.68 1.92 2.05 2.61 2.52 2.42 2.39 2.44 2.40 2.30 2.31 2.23 2.15 2.07
0.64 0.67 0.64 1.27 1.23 1.20 1.23 1.28 1.32 1.34 1.36 1.22 1.19 1.16 1.13 1.16 1.16 1.19 0.00 1.20 0.94 0.83 0.75 0.77 0.69 0.63 0.66 0.63 0.63 0.67 0.73 0.71 0.67 0.74 0.66 0.55 0.63 0.72 0.77 0.80 0.49 0.55 0.00 1.92 1.84 1.79 1.77 1.74 1.72 1.65 1.60 1.58 1.57 1.62 1.70 1.79 1.86 1.92 2.66 2.64 2.58 1.92 1.97 1.70 1.60 1.58 1.56 1.54 1.57 1.62 1.66 1.79 1.82 2.66 2.56 2.52 2.49 2.53 2.44 2.43 2.34 2.32 2.24 2.16
0.55 0.59 0.62 1.19 1.16 1.14 1.10 1.13 1.34 1.36 1.37 1.18 1.15 1.12 1.09 1.12 1.15 1.18 1.21 0.96 0.92 0.87 0.88 0.81 0.77 0.66 0.59 0.61 0.63 0.60 0.59 1.04 0.89 0.64 0.56 0.47 0.53 0.56 0.59 0.44 0.46 0.48 0.00 1.89 1.84 1.81 1.78 1.75 1.74 1.67 1.65 1.52 1.61 1.60 1.64 1.69 1.89 0.00 2.63 2.60 2.55 1.89 1.78 1.84 1.67 1.56 1.54 1.51 1.55 1.60 1.67 1.73 1.87 2.66 2.67 2.62 2.59 2.65 2.57 2.48 2.45 2.36 2.32 2.24
0.50 0.55 0.59 1.01 0.96 1.05 1.01 1.02 1.07 1.08 1.10 1.14 1.10 1.08 1.05 1.09 1.12 1.08 0.90 0.91 0.94 0.90 0.81 0.73 0.64 0.59 0.57 0.55 0.57 0.50 0.55 0.58 0.50 0.45 0.43 0.39 0.43 0.46 0.49 0.41 0.43 0.47 1.53 1.52 1.50 1.82 1.79 1.53 1.50 1.48 1.45 1.45 1.49 1.54 1.62 1.67 1.69 2.51 2.48 2.52 2.47 2.01 1.76 1.64 1.69 1.58 1.52 1.47 1.52 1.59 1.67 1.75 1.81 1.84 2.66 2.63 2.96 2.90 2.81 2.71 2.64 2.56 2.42 2.25
0.42 0.49 0.79 0.75 0.86 0.84 0.89 0.99 1.05 1.08 1.10 1.08 1.04 1.02 1.00 0.99 1.03 1.05 0.88 0.89 0.97 0.00 0.84 0.75 0.66 0.67 0.62 0.57 0.50 0.47 0.53 0.50 0.33 0.39 0.37 0.33 0.37 0.40 0.37 0.37 0.41 0.45 1.51 1.49 1.47 1.48 1.54 1.51 1.48 1.46 1.43 1.38 1.42 1.47 1.52 1.57 1.37 2.39 2.36 2.39 2.35 2.13 1.85 1.60 1.53 1.49 1.46 1.41 1.43 1.51 1.59 1.64 1.66 1.87 2.63 2.61 2.59 2.56 2.53 2.46 2.38 2.35 2.21 2.36
0.34 0.79 0.74 0.70 0.66 0.73 0.77 0.86 0.93 0.96 1.01 1.05 1.05 1.07 1.01 0.94 0.99 0.84 0.85 0.88 0.91 0.00 0.88 0.79 0.78 0.67 0.64 0.49 0.47 0.44 0.47 0.42 0.24 0.24 0.23 0.27 0.31 0.34 0.33 0.36 0.39 0.00 1.49 1.47 1.44 1.42 1.38 1.35 1.29 1.29 1.26 1.30 1.23 1.23 1.23 1.29 1.18 0.00 2.35 2.28 2.24 2.02 1.97 1.68 1.47 1.43 1.39 1.35 1.33 1.42 1.47 1.50 1.52 1.35 1.25 1.28 2.46 2.35 2.32 2.25 2.14 2.07 2.06 2.04
0.83 0.72 0.67 0.63 0.58 0.63 0.72 0.80 0.87 0.90 0.96 1.03 1.13 1.09 1.04 0.99 0.85 0.80 0.84 0.87 0.90 0.70 0.00 0.87 0.87 0.68 0.67 0.50 0.50 0.47 0.39 0.33 0.22 0.21 0.20 0.23 0.28 0.30 0.32 0.34 0.41 0.00 1.50 1.45 1.43 1.39 1.35 1.32 1.29 1.26 1.23 1.23 1.18 1.20 1.22 1.12 1.17 0.87 2.30 2.24 2.12 1.98 1.82 1.66 1.54 1.49 1.44 1.40 1.28 1.33 1.39 1.41 1.44 1.23 1.21 1.20 1.22 2.39 2.35 2.29 2.11 2.05 2.02 2.00
0.73 0.63 0.59 0.55 0.48 0.50 0.58 0.66 0.72 0.75 0.78 0.83 1.15 0.95 0.92 0.85 0.78 0.74 0.79 0.82 0.60 0.63 0.70 0.92 0.80 0.70 0.53 0.53 0.51 0.44 0.42 0.39 0.22 0.17 0.15 0.17 0.21 0.24 0.27 0.35 0.39 0.00 1.49 1.47 1.44 1.39 1.38 1.35 1.29 1.23 1.20 1.14 1.10 1.00 1.04 1.10 0.83 0.85 0.71 2.31 2.26 2.12 1.93 1.72 1.66 1.37 1.32 1.28 1.24 1.22 1.25 1.27 1.30 1.19 1.17 1.16 1.18 1.20 2.43 2.27 2.06 2.01 1.99 1.96
0.64 0.54 0.50 0.46 0.40 0.46 0.53 0.61 0.67 0.70 0.73 0.75 0.74 0.80 0.78 0.76 0.72 0.62 0.73 0.55 0.58 0.62 0.74 0.77 0.97 0.00 0.58 0.56 0.48 0.46 0.43 0.18 0.14 0.11 0.10 0.11 0.15 0.18 0.20 0.08 0.09 0.14 0.18 1.47 1.43 1.42 1.41 1.33 1.18 1.15 1.13 1.08 1.00 0.93 0.95 0.79 0.81 0.67 0.73 2.33 2.28 2.17 2.03 1.93 1.53 1.39 1.34 1.21 1.19 1.18 1.22 1.24 1.20 1.12 1.15 1.14 1.15 1.16 1.20 2.22 2.03 2.12 2.04 2.00
0.54 0.46 0.43 0.40 0.33 0.26 0.30 0.41 0.55 0.67 0.63 0.61 0.67 0.75 0.70 0.63 0.56 0.51 0.49 0.54 0.57 0.59 0.69 0.82 0.86 0.00 1.72 1.68 1.68 0.35 0.26 0.15 0.12 0.09 0.05 0.03 0.03 0.04 0.04 0.06 0.07 0.12 0.14 0.00 1.47 1.44 1.24 1.21 1.19 0.05 0.03 0.00 0.00 0.81 0.71 0.73 0.62 0.70 0.73 0.80 2.22 2.20 2.09 1.39 1.35 1.31 1.25 1.21 1.18 1.15 1.18 1.16 1.17 1.09 1.08 1.11 1.12 1.15 1.18 0.89 2.19 2.16 2.08 2.06
0.51 0.43 0.37 0.34 0.28 0.21 0.30 0.38 0.62 0.59 0.57 0.55 0.61 0.65 0.71 0.60 0.52 0.48 0.42 0.53 0.77 0.56 0.63 0.73 0.82 0.00 1.71 1.68 1.65 1.62 1.63 1.61 1.57 1.54 1.51 0.00 0.00 0.00 0.00 0.03 0.09 0.12 0.14 0.28 0.27 0.27 1.24 1.22 0.09 0.07 0.02 0.00 0.00 0.00 0.63 0.71 0.59 0.65 0.73 0.78 0.00 2.22 2.11 1.27 1.24 1.20 1.19 1.21 1.15 1.12 1.11 1.14 1.16 1.08 1.06 1.08 1.11 1.14 0.75 0.76 0.78 2.23 2.17 2.15
0.00 0.00 0.34 0.27 0.23 0.17 0.25 0.33 0.26 0.57 0.54 0.52 0.56 0.58 0.62 0.63 0.49 0.41 0.38 0.51 0.64 0.52 0.61 0.73 0.61 0.60 1.69 1.67 1.65 1.61 1.58 1.55 1.52 1.49 1.46 1.46 0.00 0.00 0.00 0.04 0.07 0.09 0.10 0.26 0.24 0.23 0.25 1.26 0.12 0.08 0.05 0.03 0.00 0.00 0.55 0.50 0.57 0.60 0.69 0.75 0.79 2.14 2.13 1.28 1.20 1.18 1.14 1.13 1.08 1.04 1.07 1.10 1.13 0.99 1.02 1.06 1.12 0.75 0.72 0.73 0.72 0.91 1.95 1.93
