dat/surotime.txt
ncols         258
nrows         248
xllcorner     549290.27599977
yllcorner     3501743.7800992
cellsize      50
NODATA_value  -9999
[rows 0 to 37 of 248, columns 84 to 167 of 258]
0.00 0.00 0.00 0.00 0.00 0.00 0.00 0.00 0.00 0.00 0.00 0.00 0.00 0.00 0.00 0.00 0.00 0.00 0.00 0.00 0.00 0.00 0.00 0.00 0.00 0.00 0.00 0.00 0.00 0.00 0.00 0.00 0.00 0.00 0.00 0.00 0.00 0.00 0.00 0.00 0.00 0.00 0.00 0.00 0.00 0.00 0.00 0.00 0.00 0.00 0.00 0.00 0.00 0.00 0.00 0.00 0.00 0.00 0.00 0.00 0.00 0.00 0.00 0.00 0.00 0.00 0.00 0.00 0.00 0.00 0.00 0.00 0.00 0.00 0.00 0.00 0.00 0.00 0.00 0.00 0.00 0.00 0.00 0.00
0.00 0.00 0.00 0.00 0.00 0.00 0.00 0.00 0.00 0.00 0.00 0.00 0.00 0.00 0.00 0.00 0.00 0.00 0.00 0.00 0.00 0.00 0.00 0.00 0.00 0.00 0.00 0.00 0.00 0.00 0.00 0.00 0.00 0.00 0.00 0.00 0.00 0.00 0.00 0.00 0.00 0.00 0.00 0.00 0.00 0.00 0.00 0.00 0.00 0.00 0.00 0.00 0.00 0.00 0.00 0.00 0.00 0.00 0.00 0.00 0.00 0.00 0.00 0.00 0.00 0.00 0.00 0.00 0.00 0.00 0.00 0.00 0.00 0.00 0.00 0.00 0.00 0.00 0.00 0.00 0.00 0.00 0.00 0.00
0.00 0.00 0.00 0.00 0.00 0.00 0.00 0.00 0.00 0.00 0.00 0.00 0.00 0.00 0.00 0.00 0.00 0.00 0.00 0.00 0.00 0.00 0.00 0.00 0.00 0.00 0.00 0.00 0.00 0.00 0.00 0.00 0.00 0.00 0.00 0.00 0.00 0.00 0.00 0.00 0.00 0.00 0.00 0.00 0.00 0.00 0.00 0.00 0.00 0.00 0.00 0.00 3.57 3.54 0.00 0.00 0.00 0.00 0.00 0.00 0.00 0.00 0.00 0.00 0.00 0.00 0.00 0.00 0.00 0.00 0.00 0.00 0.00 0.00 0.00 0.00 0.00 0.00 0.00 0.00 0.00 0.00 0.00 0.00
0.00 0.00 0.00 0.00 0.00 0.00 0.00 0.00 0.00 0.00 0.00 0.00 0.00 0.00 0.00 0.00 0.00 0.00 0.00 0.00 0.00 0.00 0.00 0.00 0.00 0.00 0.00 0.00 0.00 0.00 0.00 0.00 0.00 0.00 0.00 0.00 0.00 0.00 0.00 0.00 0.00 0.00 0.00 0.00 0.00 3.53 3.59 3.48 3.54 3.46 3.44 3.51 3.50 3.47 3.51 3.54 3.32 0.19 5.03 5.40 5.35 5.36 5.39 0.00 0.06 0.00 0.00 0.00 0.00 0.00 0.00 0.00 0.00 0.00 0.00 0.00 0.00 0.00 0.00 0.00 0.00 0.00 0.00 0.00
0.00 0.00 0.00 0.00 0.00 0.00 0.00 0.00 0.00 0.00 0.00 0.00 0.00 0.00 0.00 0.00 0.00 0.00 0.00 0.00 0.00 0.00 0.00 0.00 0.00 0.00 0.00 0.00 0.00 0.00 0.00 0.00 2.28 2.27 2.25 2.23 1.83 1.82 0.00 0.00 3.48 3.47 3.48 3.49 3.55 3.52 3.58 3.47 3.53 3.37 3.41 3.39 3.41 3.40 3.45 3.35 3.30 0.17 5.01 5.33 5.30 5.33 5.35 5.30 0.13 0.00 0.00 0.00 0.00 0.00 0.00 0.00 0.00 0.00 0.00 0.00 0.00 0.00 0.00 0.00 0.00 0.00 0.00 0.00
0.00 0.00 0.00 0.00 0.00 0.00 0.00 0.00 0.00 0.00 0.00 0.00 0.00 0.00 0.00 0.00 0.00 0.00 0.00 0.00 0.00 0.00 0.00 0.00 0.00 0.00 0.00 0.00 0.00 0.00 0.00 1.88 2.27 2.26 2.26 2.24 2.22 1.81 1.81 1.70 3.45 3.43 3.43 3.50 3.51 3.48 3.54 3.46 3.52 3.35 3.36 3.39 3.38 3.36 3.34 3.29 3.32 0.16 0.04 4.95 5.24 5.26 5.21 5.24 0.12 0.04 0.00 0.00 0.00 0.00 0.00 0.00 0.00 0.00 0.00 0.00 0.00 0.00 0.00 0.00 0.00 0.00 0.00 0.00
0.00 0.00 0.00 0.00 0.00 0.00 0.00 0.00 0.00 0.00 0.00 0.00 0.00 0.00 0.00 0.00 0.00 0.00 0.00 0.00 0.00 0.00 0.00 0.00 0.00 0.00 0.00 0.00 0.00 0.00 1.85 1.87 2.26 2.26 2.25 2.23 2.21 1.80 1.80 1.69 1.72 3.38 3.39 3.43 3.44 3.42 3.48 3.42 3.49 3.34 3.35 3.37 3.36 3.35 3.32 3.28 3.31 0.15 0.00 4.92 5.17 5.20 5.15 5.18 0.06 0.00 0.00 0.00 0.00 0.00 0.00 0.00 0.00 0.00 0.00 0.00 0.00 0.00 0.00 0.00 0.00 0.00 0.00 0.00
0.00 0.00 0.00 0.00 0.00 0.00 0.00 0.00 0.00 0.00 0.00 0.00 0.00 0.00 0.00 0.00 0.00 0.00 0.00 0.00 0.00 0.00 0.00 0.00 0.00 0.00 1.71 1.72 1.81 1.79 1.85 1.84 1.85 2.25 2.21 2.19 2.17 1.89 1.78 1.68 1.70 3.36 3.37 3.38 3.35 3.35 3.41 3.36 3.42 3.33 3.34 3.36 3.35 3.33 3.30 3.26 3.29 0.13 4.72 4.88 5.11 5.09 5.10 5.13 0.18 0.00 0.00 0.00 0.00 0.00 0.00 0.00 0.00 0.00 0.00 0.00 0.00 0.00 0.00 0.00 0.00 0.00 0.00 0.00
0.00 0.00 0.00 0.00 0.00 0.00 0.00 0.00 0.00 0.00 0.00 0.00 0.00 0.00 0.00 0.00 0.00 0.00 0.00 0.00 0.00 0.00 0.00 1.70 1.69 1.68 1.66 1.71 1.78 1.83 1.78 1.79 1.78 1.80 1.75 2.14 2.12 1.84 1.76 1.65 1.68 3.33 3.34 3.32 3.31 3.30 3.33 3.31 3.34 3.30 3.31 3.41 3.35 3.27 3.25 3.24 3.27 0.11 4.70 4.81 5.06 5.07 5.09 5.11 5.13 0.15 0.00 0.00 0.00 0.00 0.00 0.00 0.00 0.00 0.00 0.00 0.00 0.00 0.00 0.00 0.00 0.00 0.00 0.00
0.00 0.00 0.00 0.00 0.00 0.00 0.00 0.00 0.00 0.00 0.00 0.00 0.00 0.00 0.00 0.00 0.00 0.00 0.00 0.00 0.00 0.00 0.00 1.68 1.66 1.66 1.66 1.71 1.76 1.74 1.73 1.73 1.73 1.72 1.73 2.10 2.07 1.79 1.73 1.63 1.65 3.31 3.28 3.28 3.26 3.27 3.28 3.28 3.30 3.28 3.33 3.37 3.35 3.30 3.20 3.23 3.26 0.10 4.69 4.74 5.01 5.02 5.03 5.09 5.11 0.12 0.05 0.00 0.00 0.00 0.00 0.00 0.00 0.00 0.00 0.00 0.00 0.00 0.00 0.00 0.00 0.00 0.00 0.00
0.00 0.00 0.00 0.00 0.00 0.00 0.00 0.00 0.00 0.00 0.00 0.00 0.00 0.00 0.00 0.00 0.00 0.00 0.00 0.00 0.00 0.00 0.00 1.66 1.65 1.63 1.64 1.70 1.69 1.67 1.67 1.66 1.71 1.70 1.71 2.03 2.00 1.71 1.71 1.60 1.63 3.28 3.26 3.26 3.24 3.25 3.26 3.26 3.27 3.25 3.31 3.30 3.28 3.22 3.18 3.20 3.23 0.08 4.68 4.69 4.96 4.98 4.99 5.07 5.09 0.10 0.00 0.44 0.00 0.00 0.00 0.00 0.00 0.00 0.00 0.00 0.00 0.00 0.00 0.00 0.00 0.00 0.00 0.00
0.00 0.00 0.00 0.00 0.00 0.00 0.00 0.00 0.00 0.00 0.00 0.00 0.00 0.00 0.00 0.00 0.00 0.00 0.00 0.00 0.00 0.00 0.00 1.65 1.64 1.62 1.63 1.64 1.62 1.60 1.65 1.60 1.59 1.67 1.68 1.94 1.92 1.62 1.56 1.57 1.60 3.25 3.23 3.23 3.21 3.22 3.22 3.23 3.24 3.23 3.28 3.22 3.20 3.22 3.15 3.18 3.21 0.05 4.65 5.15 4.94 4.95 4.96 5.02 5.13 0.08 0.00 0.36 0.33 0.00 0.00 0.00 0.00 0.00 0.00 0.00 0.00 0.00 0.00 0.00 0.00 0.00 0.00 0.00
0.00 0.00 0.00 0.00 0.00 0.00 0.00 0.00 0.00 0.00 0.00 0.00 0.00 0.00 0.00 0.00 0.00 0.00 0.00 0.00 0.00 0.00 1.64 1.63 1.62 1.60 1.61 1.60 1.58 1.56 1.59 1.58 1.57 1.65 1.75 1.86 1.86 1.55 1.53 1.54 1.56 3.23 3.21 3.20 3.18 3.18 3.19 3.20 3.19 3.20 3.26 3.14 3.12 3.14 3.13 3.15 3.18 0.03 4.63 5.13 4.92 4.93 4.94 5.01 5.05 0.05 0.00 0.33 0.25 0.29 0.00 0.00 0.00 0.00 0.00 0.00 0.00 0.00 0.00 0.00 0.00 0.00 0.00 0.00
0.00 0.00 0.00 0.00 0.00 0.00 0.00 0.00 0.00 0.00 0.00 0.00 0.00 0.00 0.00 0.00 0.00 0.00 0.00 0.00 0.00 0.00 1.63 1.61 1.60 1.59 1.58 1.57 1.55 1.53 1.57 1.56 1.55 1.62 1.72 1.77 1.83 1.53 1.50 1.51 1.53 3.21 3.19 3.17 3.15 3.15 3.16 3.18 3.16 3.18 3.23 3.09 3.07 3.09 3.10 3.12 3.16 0.00 4.60 5.10 4.89 4.90 4.92 4.96 0.00 7.30 0.22 0.21 0.20 0.21 0.00 0.00 0.00 0.00 0.00 0.00 0.00 0.00 0.00 0.00 0.00 0.00 0.00 0.00
0.00 0.00 0.00 0.00 0.00 0.00 0.00 0.00 0.00 0.00 0.00 0.00 0.00 0.00 0.00 0.00 0.00 0.00 0.00 0.00 0.00 0.00 1.63 1.59 1.59 1.58 1.56 1.55 1.53 1.51 1.52 1.53 1.52 1.57 1.67 1.69 1.81 1.50 1.47 1.48 1.50 3.18 3.16 3.14 3.12 3.13 3.14 3.15 3.14 3.15 3.21 3.06 3.04 3.06 3.08 3.10 3.13 0.00 4.58 5.08 4.87 4.89 4.91 4.96 7.29 7.27 0.21 0.19 0.17 0.19 0.00 0.00 0.00 0.00 0.00 0.00 0.00 0.00 0.00 0.00 0.00 0.00 0.00 0.00
0.00 0.00 0.00 0.00 0.00 0.00 0.00 0.00 0.00 0.00 0.00 0.00 0.00 0.00 0.00 0.00 0.00 0.00 0.00 0.00 0.00 1.62 1.61 1.60 1.63 1.59 1.58 1.52 1.50 1.49 1.50 1.50 1.49 1.55 1.61 1.71 1.79 1.46 1.44 1.45 1.47 3.14 3.12 3.11 3.09 3.10 3.11 3.14 3.11 3.12 3.18 3.04 3.01 3.03 3.05 3.09 3.16 0.00 4.57 5.01 4.82 4.89 4.97 0.00 7.25 7.25 7.28 0.17 0.14 0.12 0.00 0.00 0.00 0.00 0.00 0.00 0.00 0.00 0.00 0.00 0.00 0.00 0.00 0.00
0.00 0.00 0.00 0.00 0.00 0.00 0.00 0.00 0.00 0.00 0.00 0.00 0.00 0.00 0.00 0.00 0.00 0.00 0.00 0.00 0.00 1.69 1.65 1.74 1.64 1.59 1.55 1.54 1.49 1.46 1.49 1.49 1.46 1.45 1.53 1.61 1.65 1.43 1.41 1.43 1.48 3.10 3.09 3.07 3.06 3.07 3.10 3.03 3.08 3.09 3.15 3.00 2.98 2.99 3.02 3.10 3.17 0.00 4.56 4.81 4.74 4.82 4.89 7.27 7.24 7.22 7.22 0.13 0.11 0.10 0.00 0.00 0.00 0.00 0.00 0.00 0.00 0.00 0.00 0.00 0.00 0.00 0.00 0.00
0.00 0.00 0.00 0.00 0.00 0.00 0.00 0.00 0.00 0.00 0.00 0.00 0.00 0.00 0.00 0.00 0.00 0.00 0.00 0.00 0.00 1.75 1.72 1.81 1.76 1.68 1.64 1.51 1.48 1.43 1.42 1.42 1.40 1.42 1.43 1.65 1.37 1.41 1.39 1.42 1.44 3.06 3.04 3.05 3.04 3.01 2.99 3.03 3.05 3.06 3.11 2.97 2.94 2.95 2.98 3.03 3.19 0.00 4.55 4.59 4.70 4.77 4.84 7.23 7.21 7.20 7.21 0.11 0.09 0.08 0.07 0.00 0.00 0.00 0.00 0.00 0.00 0.00 0.00 0.00 0.00 0.00 0.00 0.00
0.00 0.00 0.00 0.00 0.00 0.00 0.00 0.00 0.00 0.00 0.00 0.00 0.00 0.00 0.00 0.00 0.00 0.00 0.00 0.00 1.85 1.79 1.79 1.81 1.74 1.70 1.52 1.59 1.43 1.42 1.40 1.39 1.38 1.40 1.42 1.32 1.33 1.38 1.37 1.38 1.40 3.13 3.00 2.99 3.02 2.98 2.97 3.01 3.02 3.04 3.07 2.93 2.91 2.92 2.94 3.00 3.00 4.59 4.56 4.45 4.55 4.60 4.26 7.19 7.20 7.18 7.20 0.11 0.08 0.06 0.05 0.00 0.00 0.00 0.00 0.00 0.00 0.00 0.00 0.00 0.00 0.00 0.00 0.00
0.00 0.00 0.00 0.00 0.00 0.00 0.00 0.00 0.00 0.00 0.00 0.00 0.00 0.00 0.00 0.00 0.00 0.00 0.00 0.00 1.92 1.77 1.73 1.72 1.71 1.74 1.56 1.73 1.49 1.43 1.38 1.35 1.34 1.30 1.32 1.29 1.30 1.35 1.34 1.35 1.37 1.49 3.02 2.96 2.95 2.97 2.95 2.98 3.01 3.04 3.06 2.89 2.86 2.90 2.92 2.91 4.00 4.30 4.28 4.31 4.39 4.41 4.24 7.19 7.16 7.16 7.17 7.15 0.08 0.05 0.03 0.00 0.00 0.00 0.00 0.00 0.00 0.00 0.00 0.00 0.00 0.00 0.00 0.00
0.00 0.00 0.00 0.00 0.00 0.00 0.00 0.00 0.00 0.00 0.00 0.00 0.00 0.00 0.00 0.00 0.00 0.00 0.00 1.25 1.24 1.48 1.44 1.83 1.79 1.61 1.60 1.50 1.59 1.51 1.43 1.33 1.29 1.27 1.28 1.26 1.27 1.33 1.32 1.33 1.34 1.44 2.98 2.91 2.91 2.90 2.92 2.95 2.98 3.00 2.83 2.81 2.81 2.85 2.87 0.04 3.98 4.19 4.17 4.19 4.16 4.17 4.25 7.21 7.15 7.13 7.16 7.13 0.07 0.04 0.00 0.00 0.00 0.00 0.00 0.00 0.00 0.00 0.00 0.00 0.00 0.00 0.00 0.00
0.00 0.00 0.00 0.00 0.00 0.00 0.00 0.00 0.00 0.00 0.00 0.00 0.00 0.00 0.00 0.00 0.00 0.00 1.10 1.12 1.20 1.27 1.21 1.38 1.36 1.34 1.33 1.48 1.44 1.39 1.35 1.34 1.24 1.24 1.25 1.24 1.25 1.28 1.29 1.31 1.36 1.58 2.89 2.88 2.87 2.86 2.88 2.92 2.95 2.98 2.83 2.79 2.74 2.70 0.00 3.98 3.95 3.94 3.92 4.08 4.05 4.13 4.17 7.15 7.13 7.11 7.10 7.10 7.08 7.07 7.08 0.00 0.00 0.00 0.00 0.00 0.00 0.00 0.00 0.00 0.00 0.00 0.00 0.00
0.00 0.00 0.00 0.00 0.00 0.00 0.00 0.00 0.00 0.00 0.00 0.00 0.00 0.00 0.00 0.00 0.00 1.15 1.10 1.09 1.16 1.16 1.17 1.37 1.32 1.31 1.23 1.22 1.12 1.41 1.36 1.32 1.27 1.20 1.24 1.22 1.24 1.25 1.27 1.32 1.33 2.91 2.87 2.85 2.84 2.82 2.86 2.95 2.96 3.00 2.64 2.66 2.65 2.67 4.00 3.95 3.93 3.92 3.91 4.01 4.01 4.06 4.13 4.07 7.14 7.10 7.08 7.08 7.06 7.04 7.05 7.07 7.07 0.00 0.00 0.00 0.00 0.00 0.00 0.00 0.00 0.00 0.00 0.00
0.00 0.00 0.00 0.00 0.00 0.00 0.00 0.00 0.00 0.00 0.00 0.00 0.00 0.00 0.00 0.00 0.00 1.14 1.09 1.08 1.16 1.08 1.10 1.30 1.30 1.22 1.15 1.18 1.11 1.06 1.06 1.41 1.27 1.22 1.16 1.19 1.22 1.24 1.26 1.34 1.45 2.92 2.86 2.84 2.81 2.79 2.82 2.72 2.67 2.76 2.58 2.59 2.61 2.63 3.96 3.92 3.90 3.89 3.88 3.97 3.99 3.92 4.01 4.06 7.13 7.10 7.07 7.05 7.03 7.02 7.03 7.04 7.05 0.00 0.00 0.00 0.00 0.00 0.00 0.00 0.00 0.00 0.00 0.00
0.00 0.00 0.00 0.00 0.00 0.00 0.00 0.00 0.00 0.00 0.00 0.00 0.00 0.00 0.00 0.00 1.18 1.09 1.08 1.07 1.07 1.10 1.05 1.05 1.23 1.10 1.12 1.09 1.11 1.05 1.04 1.11 1.23 1.19 1.13 1.15 1.15 1.18 1.20 1.34 1.49 2.86 2.84 2.81 2.78 2.73 2.68 2.64 2.68 2.57 2.55 2.56 2.58 2.61 3.92 3.89 3.87 3.86 3.84 3.90 3.85 3.92 4.00 4.05 0.00 7.08 7.06 7.03 7.00 6.99 7.00 7.01 7.01 0.00 0.00 0.00 0.00 0.00 0.00 0.00 0.00 0.00 0.00 0.00
0.00 0.00 0.00 0.00 0.00 0.00 0.00 0.00 0.00 0.00 0.00 0.00 0.00 0.00 0.00 1.52 1.17 1.13 1.11 1.06 1.05 1.04 1.03 1.02 1.05 1.12 1.09 1.06 1.06 1.04 1.03 1.04 1.25 1.16 1.10 1.11 1.14 1.19 1.24 1.23 2.54 2.81 2.78 2.76 2.73 2.69 2.64 2.61 2.60 2.54 2.53 2.54 2.56 2.68 3.91 3.87 3.84 3.83 3.82 3.83 3.84 3.89 3.97 0.00 7.01 7.07 7.05 7.02 6.99 6.97 6.96 6.98 7.00 7.02 0.00 0.00 0.00 0.00 0.00 0.00 0.00 0.00 0.00 0.00
0.00 0.00 0.00 0.00 0.00 0.00 0.00 0.00 0.00 0.00 0.00 0.00 0.00 0.00 1.62 1.51 1.16 1.11 1.07 1.04 1.03 1.02 1.01 1.00 1.02 0.99 1.05 1.06 1.03 1.03 1.00 1.01 1.23 1.13 1.08 1.13 1.19 1.16 1.24 1.99 2.43 2.39 2.33 2.30 2.70 2.66 2.62 2.58 2.51 2.52 2.50 2.53 2.59 2.38 3.92 3.86 3.83 3.80 3.79 3.80 3.81 3.87 3.95 6.94 6.98 7.05 7.02 6.99 6.96 6.93 6.93 6.94 6.97 7.00 7.03 0.00 0.00 0.00 0.00 0.00 0.00 0.00 0.00 0.00
0.00 0.00 0.00 0.00 0.00 0.00 0.00 0.00 0.00 0.00 0.00 0.00 0.00 0.00 1.58 1.51 1.49 1.10 1.04 1.03 1.00 0.99 0.98 0.97 0.96 0.99 0.96 1.01 1.03 1.00 0.97 1.00 1.12 1.09 1.05 1.08 1.12 1.20 1.28 1.94 2.02 2.35 2.30 2.24 2.26 2.24 2.51 2.47 2.36 2.38 2.25 2.26 2.27 2.35 4.20 3.88 3.82 3.79 3.76 3.77 3.80 3.82 3.85 6.86 6.78 6.94 6.93 6.94 6.94 6.92 6.88 6.92 6.96 6.99 7.02 0.00 0.00 0.00 0.00 0.00 0.00 0.00 0.00 0.00
0.00 0.00 0.00 0.00 0.00 0.00 0.00 0.00 0.00 0.00 0.00 0.00 0.00 0.00 1.51 1.42 1.45 1.44 1.03 1.01 1.00 0.97 0.96 0.95 0.94 0.98 0.95 0.92 0.97 0.96 0.94 0.97 0.90 1.03 0.98 1.03 1.05 1.09 1.18 1.87 1.96 2.31 2.25 2.20 2.20 2.20 2.31 2.27 2.23 2.23 2.24 2.26 2.27 0.09 4.17 4.02 3.79 3.76 3.72 3.74 3.77 3.79 0.00 6.77 6.75 6.91 6.90 6.90 6.90 6.87 6.85 6.87 6.90 6.93 0.00 0.00 0.00 0.00 0.00 0.00 0.00 0.00 0.00 0.00
0.00 0.00 0.00 0.00 0.00 0.00 0.00 0.00 0.00 0.00 0.00 0.00 0.00 0.00 1.46 1.37 1.37 1.34 1.37 1.00 0.97 0.95 0.93 0.92 0.91 0.90 0.91 0.91 0.88 0.93 0.91 0.89 0.87 0.89 0.91 0.95 1.00 1.05 1.86 1.85 1.90 1.93 2.26 2.19 2.17 2.17 2.15 2.13 2.19 2.28 2.37 2.48 0.00 0.00 3.85 4.02 3.87 3.70 3.69 3.70 3.72 3.75 6.77 6.75 6.73 6.91 6.88 6.87 6.84 6.85 6.82 6.82 6.84 6.86 0.00 0.00 0.00 0.00 0.00 0.00 0.00 0.00 0.00 0.00
0.00 0.00 0.00 0.00 0.00 0.00 0.00 0.00 0.00 0.00 0.00 0.00 0.00 0.00 1.44 1.36 1.32 1.32 1.35 1.00 0.96 0.94 0.91 0.90 0.89 0.88 0.88 0.90 0.87 0.84 0.82 0.86 0.84 0.86 0.89 1.00 1.08 1.86 1.84 1.83 1.85 1.87 2.05 2.21 2.16 2.13 2.12 2.10 2.15 2.22 2.28 2.35 3.87 3.82 3.76 3.92 3.75 3.68 3.67 3.69 3.71 3.73 6.76 6.73 6.72 6.90 6.87 6.84 6.81 6.80 6.79 6.82 6.84 0.00 0.00 0.00 0.00 0.00 0.00 0.00 0.00 0.00 0.00 0.00
0.00 0.00 0.00 0.00 0.00 0.00 0.00 0.00 0.00 0.00 0.00 0.00 0.00 0.00 1.39 1.33 1.30 1.31 1.34 1.29 0.96 0.93 0.90 0.88 0.86 0.85 0.85 0.86 0.83 0.80 0.78 0.77 0.80 0.84 0.86 0.96 1.04 1.83 1.81 1.80 1.85 1.91 1.79 2.15 2.13 2.11 2.08 2.06 2.10 2.13 2.15 2.16 3.74 3.72 3.68 3.79 3.67 3.65 3.65 3.67 3.70 3.72 6.75 6.72 6.70 6.73 6.86 6.83 6.80 6.78 6.77 6.79 6.81 0.00 0.00 0.00 0.00 0.00 0.00 0.00 0.00 0.00 0.00 0.00
0.00 0.00 0.00 0.00 0.00 0.00 0.00 0.00 0.00 0.00 0.00 0.00 0.00 0.00 1.36 1.30 1.26 1.30 1.25 1.22 0.92 0.89 0.87 0.85 0.84 0.83 0.82 0.83 0.82 0.79 0.76 0.73 0.75 0.78 0.81 0.86 1.10 1.84 1.80 1.77 1.81 1.71 1.78 2.09 2.06 2.04 2.02 2.01 2.05 2.09 2.14 2.19 0.00 3.61 3.62 3.61 3.65 3.63 3.63 3.66 3.68 3.71 6.73 6.70 6.67 6.70 6.84 6.82 6.79 6.75 6.75 6.77 6.80 0.00 0.00 0.00 0.00 0.00 0.00 0.00 0.00 0.00 0.00 0.00
0.00 0.00 0.00 0.00 0.00 0.00 0.00 0.00 0.00 0.00 0.00 0.00 0.00 1.46 1.38 1.36 1.21 1.20 1.18 1.20 1.18 0.88 0.86 0.84 0.82 0.81 0.79 0.78 0.80 0.65 0.70 0.69 0.71 0.73 0.76 0.81 0.92 1.73 1.68 1.69 1.64 1.75 1.80 1.90 1.88 1.85 1.83 1.89 1.85 1.88 1.90 1.92 0.00 3.60 3.57 3.57 3.56 3.61 3.59 3.63 3.65 3.69 6.68 6.66 6.63 6.61 6.59 6.64 6.70 6.72 6.74 6.77 6.82 0.00 0.00 0.00 0.00 0.00 0.00 0.00 0.00 0.00 0.00 0.00
0.00 0.00 0.00 0.00 0.00 0.00 0.00 0.00 0.00 0.00 0.00 0.00 1.56 1.54 1.46 1.24 1.19 1.17 1.16 1.14 1.16 0.88 0.85 0.83 0.81 0.79 0.77 0.75 0.78 0.62 0.61 0.65 0.69 0.71 0.73 0.75 0.79 1.62 1.59 1.59 1.66 1.76 1.81 1.83 1.81 1.79 1.76 1.79 1.83 1.86 1.88 1.93 3.58 3.55 3.53 3.53 3.52 3.54 3.58 3.65 3.66 0.00 6.70 6.65 6.61 6.58 6.56 6.61 6.65 6.69 6.77 6.78 0.00 0.00 0.00 0.00 0.00 0.00 0.00 0.00 0.00 0.00 0.00 0.00
0.00 0.00 0.00 0.00 0.00 0.00 0.00 0.00 0.00 0.00 0.00 0.00 1.46 1.39 1.32 1.24 1.19 1.16 1.13 1.12 1.13 1.16 0.86 0.85 0.83 0.81 0.79 0.79 0.67 0.62 0.58 0.60 0.65 0.67 0.70 0.72 1.63 1.59 1.57 1.55 1.59 1.64 1.74 1.81 1.79 1.76 1.74 1.75 1.78 1.81 1.84 0.00 3.57 3.54 3.52 3.49 3.48 3.49 3.52 3.57 3.63 0.00 6.72 6.66 6.58 6.56 6.52 6.56 6.61 6.65 6.67 6.66 0.00 0.00 0.00 0.00 0.00 0.00 0.00 0.00 0.00 0.00 0.00 0.00
0.00 0.00 0.00 0.00 0.00 0.00 0.00 0.00 0.00 0.00 0.00 1.48 1.40 1.36 1.34 1.29 1.21 1.15 1.13 1.10 1.12 1.11 0.89 0.86 0.85 0.83 0.82 0.83 0.63 0.58 0.53 0.58 0.62 0.65 0.68 0.70 0.87 1.57 1.55 1.51 1.55 1.58 1.60 1.69 1.76 1.73 1.70 1.73 1.76 1.79 1.82 3.58 3.55 3.52 3.50 3.47 3.42 3.46 3.49 3.55 3.61 0.00 6.78 6.63 6.55 6.52 6.49 6.50 6.54 6.57 6.60 6.39 0.00 0.00 0.00 0.00 0.00 0.00 0.00 0.00 0.00 0.00 0.00 0.00
0.00 0.00 0.00 0.00 0.00 0.00 0.00 0.00 0.00 0.00 0.00 1.42 1.27 1.34 1.31 1.26 1.18 1.13 1.11 1.09 1.08 1.10 1.11 1.15 0.89 0.90 0.87 0.55 0.51 0.48 0.47 0.52 0.58 0.68 0.73 0.77 1.49 1.46 1.46 1.46 1.46 1.60 1.60 1.86 1.67 1.69 1.65 1.69 1.72 1.75 1.78 3.43 3.39 3.36 3.34 3.35 3.35 3.40 3.43 3.45 3.48 0.00 6.55 6.52 6.49 6.49 6.46 6.45 6.48 6.49 6.50 6.36 0.00 0.00 0.00 0.00 0.00 0.00 0.00 0.00 0.00 0.00 0.00 0.00
