dat/surotime.txt
ncols         258
nrows         248
xllcorner     549290.27599977
yllcorner     3501743.7800992
cellsize      50
NODATA_value  -9999
[rows 38 to 75 of 248, columns 84 to 167 of 258]
0.00 0.00 0.00 0.00 0.00 0.00 0.00 0.00 0.00 0.00 1.57 1.28 1.32 1.21 1.18 1.16 1.13 1.11 1.10 1.07 1.05 1.08 1.10 1.12 1.15 0.55 0.52 0.49 0.47 0.43 0.42 0.47 0.54 0.65 0.69 0.79 1.46 1.45 1.43 1.42 1.43 1.58 1.58 1.84 1.66 1.64 1.62 1.64 1.66 1.69 1.72 3.29 3.39 3.35 3.33 3.30 3.29 3.29 3.32 3.35 0.04 0.18 6.53 6.50 6.47 6.45 6.42 6.41 6.45 6.46 6.47 6.33 6.34 0.00 0.00 0.00 0.00 0.00 0.00 0.00 0.00 0.00 0.00 0.00
0.00 0.00 0.00 2.12 2.14 0.00 0.00 2.04 1.99 2.03 1.48 1.47 1.22 1.25 1.23 1.21 1.18 1.13 1.08 1.05 1.00 1.05 1.08 0.99 0.86 0.51 0.48 0.45 0.42 0.39 0.39 0.43 0.50 0.58 0.66 0.70 1.43 1.41 1.39 1.38 1.39 1.55 1.55 1.81 1.60 1.62 1.59 1.62 1.65 1.68 1.67 3.25 3.34 3.31 3.28 3.25 3.24 3.25 3.30 3.35 0.00 0.15 6.48 6.47 6.43 6.40 6.38 6.37 6.42 6.43 6.28 6.29 6.31 6.39 0.00 0.00 0.00 0.00 0.00 0.00 0.00 0.00 0.00 0.00
2.41 2.07 2.07 2.08 2.06 2.04 1.97 1.95 1.98 2.03 1.46 1.41 1.40 1.18 1.16 1.13 1.10 1.08 1.03 0.97 0.94 0.92 0.95 0.81 0.79 0.97 0.43 0.43 0.41 0.38 0.35 0.39 0.49 0.56 0.61 0.76 1.37 1.38 1.35 1.34 1.36 1.51 1.58 1.78 1.49 1.56 1.55 1.56 1.60 1.63 1.66 3.21 3.07 3.29 3.26 3.24 3.20 3.23 3.29 3.24 3.30 0.00 6.43 6.42 6.39 6.36 6.34 6.34 6.38 6.24 6.25 6.26 6.33 6.34 6.40 0.00 0.00 0.00 0.00 0.00 0.00 0.00 0.00 0.00
2.33 2.37 2.01 2.00 1.98 1.91 1.92 1.93 1.95 1.97 1.41 1.39 1.38 1.37 1.36 1.35 1.32 1.27 1.20 1.14 1.03 0.88 0.82 0.79 0.77 0.79 0.93 0.39 0.34 0.33 0.32 0.35 0.42 0.52 0.60 0.73 1.36 1.32 1.32 1.31 1.33 1.48 1.56 1.71 1.45 1.46 1.51 1.54 1.58 1.61 3.19 3.18 3.04 3.46 3.17 3.16 3.15 3.12 3.17 3.20 3.13 3.27 6.42 6.37 6.34 6.32 6.31 6.30 6.35 6.21 6.22 6.29 6.29 6.35 6.37 0.00 0.00 0.00 0.00 0.00 0.00 0.00 0.00 0.00
2.25 2.29 1.97 1.93 1.92 1.88 1.89 1.94 1.99 2.01 1.40 1.38 1.35 1.34 1.33 1.30 1.24 1.21 1.16 1.07 0.97 0.87 0.81 0.77 0.74 0.77 0.90 0.36 0.33 0.30 0.29 0.32 0.38 0.48 0.53 0.57 1.41 1.31 1.29 1.28 1.30 1.40 1.57 1.65 1.42 1.46 1.50 1.55 1.64 3.23 3.16 3.15 3.03 3.35 3.43 3.13 3.12 3.09 3.12 3.10 3.22 3.24 0.00 6.37 6.34 6.31 6.29 6.27 6.32 6.19 6.21 6.25 6.26 6.32 6.33 0.00 0.00 0.00 0.00 0.00 0.00 0.00 0.00 0.00
2.15 2.14 1.92 1.89 1.88 1.85 1.88 1.89 1.93 1.97 1.38 1.35 1.33 1.32 1.31 1.27 1.28 1.14 1.09 1.04 1.06 0.91 0.78 0.75 0.72 0.63 0.79 0.42 0.30 0.27 0.26 0.29 0.34 0.36 0.44 0.55 1.31 1.29 1.27 1.23 1.29 1.39 1.53 1.39 1.42 1.44 0.00 3.49 3.25 3.19 3.13 3.07 2.95 3.49 3.31 3.39 3.08 3.06 3.07 3.13 3.15 2.91 2.94 6.37 6.33 6.30 6.28 6.24 6.25 6.16 6.20 6.21 6.27 6.29 5.99 0.00 0.00 0.00 0.00 0.00 0.00 0.00 0.00 0.00
2.06 2.07 1.98 1.87 1.85 1.83 1.85 1.81 1.86 1.88 1.38 1.32 1.30 1.29 1.28 1.24 1.25 1.16 1.11 1.06 1.11 0.86 0.83 0.76 0.75 0.71 0.50 0.41 0.29 0.25 0.24 0.25 0.28 0.33 0.38 0.45 1.30 1.23 1.21 1.15 1.24 1.30 1.35 1.38 1.47 1.55 1.63 3.27 3.16 3.12 3.05 2.94 2.88 3.36 3.38 3.26 3.27 3.03 3.05 3.06 2.87 2.88 2.93 6.42 6.38 6.35 6.32 6.29 6.16 6.12 6.16 6.20 6.24 5.93 5.94 5.98 0.00 0.00 0.00 0.00 0.00 0.00 0.00 0.00
2.08 2.01 2.02 1.88 1.82 1.81 1.77 1.78 1.81 1.77 1.41 1.30 1.28 1.26 1.26 1.22 1.24 1.26 1.08 1.12 1.13 0.91 0.84 0.83 0.80 0.24 0.24 0.23 0.22 0.25 0.22 0.21 0.25 0.30 0.38 0.48 1.10 1.03 1.01 1.03 1.13 1.19 1.24 1.27 1.34 1.41 1.48 3.07 3.04 2.96 2.93 2.87 2.86 2.87 3.32 3.27 3.11 2.93 3.02 2.82 2.84 2.87 2.91 6.32 6.27 6.24 6.22 6.18 6.13 6.05 6.03 5.97 5.94 5.89 5.91 5.94 0.00 0.00 0.00 0.00 0.00 0.00 0.00 0.00
2.04 2.00 1.96 1.91 1.82 1.78 1.75 1.77 1.72 1.72 1.20 1.30 1.19 1.25 1.24 1.20 1.22 1.25 1.21 1.36 1.20 1.00 0.95 0.92 0.31 0.22 0.20 0.19 0.17 0.26 0.25 0.16 0.21 0.26 0.31 0.37 0.88 0.86 0.84 0.89 0.86 1.22 1.27 1.31 1.34 1.45 1.43 3.09 2.91 2.88 2.87 2.86 2.85 2.85 3.38 3.27 2.79 2.78 2.77 2.81 2.83 2.85 2.89 0.00 6.29 6.26 6.23 6.21 6.19 6.02 5.96 5.92 5.90 5.85 5.87 5.89 5.90 0.00 0.00 0.00 0.00 0.00 0.00 0.00
1.62 1.99 1.95 1.92 1.84 1.74 1.69 1.69 1.70 1.67 1.23 1.14 1.19 1.13 1.08 1.10 1.21 0.97 0.93 0.96 0.96 1.02 0.34 0.29 0.23 0.21 0.19 0.15 0.14 0.17 0.14 0.10 0.11 0.17 0.25 0.30 0.88 0.84 0.82 0.78 0.83 0.73 0.74 0.77 0.80 0.84 0.88 2.94 2.90 2.87 2.86 2.84 2.83 2.83 2.95 2.66 2.70 2.69 2.69 2.73 2.77 2.80 2.83 0.00 6.45 6.42 6.39 6.36 6.28 5.98 5.93 5.88 5.86 5.81 5.83 5.86 5.88 5.80 5.81 0.00 0.00 0.00 0.00 0.00
1.58 1.57 1.93 1.88 1.79 1.69 1.60 1.66 1.59 1.61 1.26 1.17 1.12 1.08 1.02 0.98 0.93 0.91 0.90 0.92 0.98 1.07 0.33 0.21 0.18 0.16 0.14 0.12 0.10 0.08 0.10 0.06 0.07 0.10 0.12 0.15 0.83 0.79 0.76 0.73 0.71 0.69 0.70 0.73 0.83 0.65 0.66 0.00 2.95 2.92 2.86 2.81 2.81 2.76 2.77 2.62 2.61 2.63 2.67 2.71 2.74 2.77 2.81 3.67 3.63 3.72 3.70 3.69 3.77 5.95 5.90 5.86 5.80 5.77 5.81 5.74 5.75 5.75 5.69 5.71 0.00 0.00 0.00 0.00
1.54 1.52 1.55 1.78 1.69 1.59 1.50 1.56 1.58 1.47 1.32 1.19 1.15 1.10 1.04 0.94 0.91 0.87 0.86 0.84 0.90 0.93 0.98 0.19 0.16 0.14 0.12 0.10 0.07 0.04 0.03 0.02 0.03 0.11 0.13 0.16 0.81 0.76 0.73 0.70 0.66 0.66 0.69 0.62 0.59 0.61 0.63 0.64 2.97 2.90 2.85 2.80 2.78 2.74 2.65 2.59 2.57 2.59 2.62 2.65 2.69 2.72 2.76 3.66 3.62 3.60 3.58 3.63 3.68 5.88 5.82 5.78 5.74 5.72 5.68 5.70 5.71 5.65 5.60 5.55 5.58 0.02 0.00 0.00
1.50 1.49 1.46 1.45 1.76 1.46 1.41 1.39 1.45 1.38 1.47 1.17 1.19 1.11 1.06 0.96 0.94 0.84 0.82 0.80 0.82 0.83 0.89 0.20 0.17 0.15 0.14 0.11 0.05 0.03 0.00 0.00 0.07 0.08 0.11 0.14 0.83 0.77 0.75 0.65 0.61 0.65 0.68 0.58 0.57 0.59 0.60 0.60 0.63 2.99 2.96 2.90 2.79 2.65 2.58 2.56 2.52 2.56 2.60 2.67 2.70 2.74 3.65 3.60 3.61 3.58 3.56 3.57 3.62 5.83 5.79 5.75 5.71 5.67 5.64 5.66 5.65 5.62 5.57 5.52 5.53 0.04 0.00 0.66
1.47 1.45 1.43 1.41 1.49 1.43 1.38 1.32 1.36 1.38 1.41 0.00 1.24 1.19 1.00 0.98 0.88 0.85 0.82 0.79 0.77 0.81 0.80 0.42 0.25 0.17 0.15 0.08 0.02 0.00 0.00 0.00 0.05 0.07 0.10 0.13 0.71 0.66 0.63 0.60 0.58 0.61 0.63 0.55 0.54 0.56 0.57 0.59 0.61 0.00 2.79 2.77 2.70 2.58 2.48 2.47 2.46 2.50 2.53 2.56 2.53 2.99 3.60 3.60 3.56 3.57 3.54 3.53 3.56 5.78 5.75 5.72 5.68 5.64 5.59 5.60 5.57 5.52 5.53 5.49 5.52 5.56 0.67 0.65
1.45 1.42 1.39 1.38 1.39 1.46 1.46 1.26 1.25 1.28 1.31 1.39 1.06 1.03 0.97 0.94 0.90 0.82 0.80 0.77 0.74 0.77 0.47 0.38 0.33 0.19 0.11 0.05 0.07 0.03 0.01 0.00 0.03 0.04 0.06 0.09 0.16 0.60 0.57 0.55 0.54 0.53 0.56 0.54 0.52 0.54 0.56 0.59 0.62 0.00 2.54 2.52 2.49 2.46 2.41 2.41 2.44 2.47 2.48 2.49 2.95 2.72 2.74 3.55 3.55 3.51 3.49 3.50 3.52 5.73 5.69 5.65 5.61 5.57 5.53 5.50 5.46 5.48 5.44 5.45 5.46 5.49 0.64 0.61
1.51 1.37 1.37 1.35 1.36 1.47 1.27 1.24 1.21 1.24 1.27 1.34 0.98 0.95 0.94 0.92 0.89 0.86 0.77 0.74 0.68 0.40 0.43 0.36 0.30 0.25 0.24 0.20 0.11 0.01 0.00 0.00 0.00 0.02 0.05 0.09 0.14 0.60 0.58 0.56 0.53 0.50 0.52 0.49 0.50 0.53 0.55 0.58 0.61 0.00 2.46 2.43 2.40 2.37 2.36 2.38 2.40 2.42 2.45 2.95 2.93 2.70 2.71 3.54 3.49 3.46 3.45 3.47 3.49 5.64 5.60 5.56 5.53 5.50 5.47 5.45 5.42 5.38 5.40 5.41 5.41 5.53 5.63 0.61
1.43 1.36 1.34 1.33 1.36 1.44 1.22 1.20 1.16 1.20 1.22 1.27 0.96 0.94 0.92 0.89 0.86 0.83 0.79 0.76 0.74 0.50 0.37 0.34 0.27 0.22 0.21 0.17 0.16 0.02 0.00 0.00 0.00 0.02 0.04 0.08 0.12 0.62 0.59 0.57 0.49 0.46 0.43 0.46 0.49 0.55 0.58 0.61 0.64 2.47 2.44 2.42 2.38 2.36 2.32 2.36 2.44 2.50 2.53 2.93 2.85 2.67 2.71 3.55 3.48 3.44 3.41 3.45 3.42 5.66 5.62 5.58 5.54 5.52 5.45 5.40 5.38 5.35 5.36 5.37 5.49 5.43 5.49 0.76
1.37 1.35 1.32 1.29 1.30 1.32 1.19 1.15 1.12 1.18 1.23 1.17 0.00 0.93 0.92 0.90 0.89 0.86 0.82 0.79 0.76 0.41 0.35 0.30 0.24 0.20 0.18 0.15 0.12 0.02 0.00 0.00 0.00 0.02 0.05 0.07 0.15 0.61 0.57 0.53 0.51 0.44 0.40 0.41 0.44 0.58 0.59 0.62 0.66 0.00 2.40 2.38 2.34 2.32 2.28 2.29 2.37 2.43 2.46 2.81 2.68 2.64 2.67 3.43 3.40 3.38 3.37 3.38 3.34 3.37 5.77 5.74 5.71 5.64 5.57 5.35 5.33 5.31 5.32 5.44 5.39 5.38 4.87 4.87
1.35 1.31 1.29 1.26 1.22 1.22 1.18 1.11 1.08 1.04 1.09 1.03 0.99 0.03 0.00 0.92 0.92 0.88 0.84 0.81 0.48 0.33 0.31 0.27 0.22 0.18 0.15 0.13 0.09 0.03 0.00 0.00 0.00 0.02 0.05 0.09 0.17 0.50 0.46 0.42 0.42 0.39 0.36 0.39 0.42 0.45 0.48 0.51 0.56 0.00 2.36 2.33 2.30 2.27 2.24 2.25 2.28 2.36 2.34 2.54 2.43 2.58 2.61 3.42 3.39 3.36 3.33 3.30 3.31 3.28 3.24 3.35 3.31 2.62 2.56 5.52 5.29 5.27 5.34 5.34 5.29 4.80 4.76 4.77
1.40 1.37 1.34 1.27 1.18 1.15 1.12 1.08 1.05 1.01 0.99 0.94 0.97 0.80 0.79 0.80 0.83 0.96 0.86 0.52 0.36 0.28 0.27 0.24 0.20 0.16 0.13 0.10 0.06 0.02 0.00 0.00 0.00 0.02 0.04 0.10 0.16 0.50 0.45 0.41 0.38 0.35 0.32 0.35 0.37 0.50 0.55 0.49 0.47 0.48 2.32 2.29 2.26 2.23 2.20 2.24 2.27 2.23 2.32 2.20 2.22 2.25 2.28 3.39 3.35 3.33 3.30 3.26 3.23 3.19 3.23 3.21 3.28 3.23 2.55 2.52 5.47 5.24 5.25 5.19 4.67 4.69 4.68 4.75
1.46 1.42 1.30 1.25 1.24 1.18 1.15 1.11 1.07 0.99 0.96 0.92 0.91 0.77 0.77 0.79 0.81 0.00 0.47 0.37 0.34 0.31 0.28 0.25 0.21 0.17 0.16 0.13 0.09 0.02 0.00 0.00 0.00 0.02 0.05 0.10 0.13 0.46 0.43 0.38 0.34 0.31 0.28 0.31 0.37 0.46 0.57 0.45 0.44 0.45 2.32 2.29 2.26 2.24 2.21 2.13 2.16 2.17 2.22 2.17 2.20 2.26 2.35 3.41 3.37 3.34 3.33 3.23 3.20 3.17 3.18 3.20 3.20 3.14 2.53 2.49 5.44 5.21 5.19 5.17 4.59 4.61 4.63 4.66
1.50 1.35 1.32 1.24 1.22 1.18 1.17 1.13 1.09 1.00 0.99 0.88 0.82 0.74 0.73 0.76 0.79 0.00 0.44 0.40 0.36 0.32 0.29 0.25 0.24 0.20 0.16 0.13 0.06 0.02 0.00 0.00 0.00 0.03 0.05 0.07 0.13 0.14 0.15 0.34 0.30 0.28 0.25 0.26 0.32 0.46 0.58 0.36 0.41 0.42 2.29 2.24 2.22 2.19 2.17 2.13 2.08 2.06 2.14 2.13 2.20 2.21 2.22 0.00 3.39 3.37 3.28 3.24 3.16 3.14 3.13 3.15 3.10 3.09 2.51 2.45 5.40 5.21 5.16 5.14 4.53 4.55 4.58 4.59
0.84 1.49 1.34 1.29 1.27 1.23 1.22 1.14 1.10 1.01 0.90 0.91 0.89 0.80 0.70 0.72 0.75 0.00 0.46 0.42 0.38 0.34 0.28 0.29 0.28 0.24 0.27 0.24 0.09 0.02 0.00 0.00 0.00 0.00 0.02 0.07 0.07 0.09 0.09 0.32 0.28 0.25 0.23 0.37 0.39 0.47 0.29 0.34 0.37 0.40 0.00 2.18 2.15 2.12 2.10 2.06 2.04 1.98 2.01 2.05 2.08 2.10 2.12 2.15 0.00 3.32 3.28 3.20 3.15 3.12 3.10 3.09 3.04 3.07 2.48 2.40 5.35 5.17 5.15 5.11 4.49 4.53 4.55 4.53
0.97 1.00 1.06 1.37 1.35 1.30 1.29 1.18 1.02 0.91 0.94 0.91 0.88 0.64 0.66 0.71 0.67 0.71 0.00 0.00 0.40 0.31 0.34 0.33 0.31 0.36 0.32 0.25 0.13 0.05 0.03 0.00 0.00 0.00 0.02 0.02 0.05 0.05 0.05 0.05 0.08 0.22 0.20 0.28 0.40 0.28 0.30 0.32 0.38 0.42 0.00 2.12 2.10 2.07 2.05 2.02 1.99 1.95 1.97 1.99 1.99 1.91 2.03 1.93 0.07 0.03 3.15 3.11 3.13 3.11 3.08 3.05 3.00 3.03 2.37 2.34 5.29 5.16 5.11 5.05 4.41 4.47 4.49 1.55
0.91 0.92 1.00 1.08 1.42 1.37 1.36 1.25 1.06 1.01 0.97 0.78 0.71 0.63 0.61 0.63 0.66 0.68 0.57 0.60 0.60 0.38 0.37 0.36 0.39 0.28 0.27 0.24 0.16 0.06 0.04 0.00 0.00 0.00 0.00 0.00 0.02 0.02 0.03 0.03 0.06 0.15 0.12 0.16 0.17 0.22 0.29 0.33 0.39 0.28 0.30 2.14 2.11 2.08 2.06 1.99 1.96 1.92 1.95 1.96 1.83 1.87 1.97 1.86 0.05 0.00 3.16 3.10 3.07 3.01 2.98 2.95 2.90 2.57 2.26 2.30 5.22 5.13 5.04 4.80 4.21 1.48 1.51 1.53
0.82 0.84 0.92 1.00 1.07 1.52 1.56 0.76 0.64 0.84 0.80 0.72 0.65 0.60 0.59 0.61 0.64 0.53 0.54 0.52 0.54 0.59 0.53 0.48 0.65 0.54 0.45 0.34 0.20 0.18 0.09 0.00 0.00 0.00 0.00 0.00 0.00 0.00 0.00 0.00 0.03 0.09 0.08 0.13 0.13 0.35 0.29 0.31 0.25 0.43 0.23 0.26 2.08 2.06 2.03 1.94 1.91 1.85 1.91 1.80 1.78 1.82 1.81 1.79 1.82 0.00 3.20 3.12 3.06 3.03 3.01 2.98 3.01 2.87 2.31 2.21 1.99 1.74 1.61 4.31 2.96 1.43 1.49 1.53
0.71 0.87 0.94 0.94 1.01 1.07 1.08 0.73 0.70 0.59 0.52 0.69 0.65 0.57 0.52 0.53 0.49 0.50 0.47 0.48 0.50 0.53 0.60 0.46 0.43 0.41 0.40 0.38 0.29 0.17 0.14 0.09 0.00 0.04 0.00 0.00 0.00 0.00 0.00 0.00 0.00 0.06 0.04 0.08 0.23 0.24 0.20 0.21 0.28 0.20 0.22 0.25 0.00 2.00 1.98 1.83 1.80 1.76 1.75 1.75 1.73 1.72 1.73 1.77 1.81 0.00 3.16 3.11 3.07 3.04 3.03 3.01 3.03 2.90 2.46 2.23 1.99 1.70 1.47 1.68 1.48 1.37 1.41 1.45
0.74 0.76 0.84 0.94 1.01 0.45 0.55 0.66 0.63 0.29 0.26 0.41 0.54 0.49 0.47 0.48 0.46 0.43 0.44 0.45 0.48 0.52 0.54 1.48 0.00 0.31 0.25 0.23 0.19 0.16 0.18 0.12 0.09 0.06 0.00 0.00 0.00 0.03 0.00 0.00 0.00 0.00 0.00 0.04 0.19 0.15 0.16 0.18 0.17 0.15 0.17 0.20 0.24 1.89 1.86 1.79 1.77 1.74 1.70 1.69 1.67 1.69 1.70 1.74 1.78 1.86 3.23 3.12 3.10 3.06 3.05 3.03 3.06 2.57 2.33 2.17 1.61 1.49 1.35 1.15 1.05 0.96 1.02 1.07
0.63 0.76 0.83 0.91 0.79 0.44 0.54 0.59 0.56 0.44 0.19 0.33 0.53 0.48 0.46 0.44 0.42 0.40 0.41 0.43 0.45 0.49 0.56 1.36 1.24 0.00 0.28 0.23 0.29 0.27 0.15 0.13 0.10 0.08 0.02 0.02 0.02 0.05 0.03 0.00 0.00 0.00 0.00 0.00 0.15 0.12 0.13 0.13 0.12 0.13 0.16 0.19 0.22 1.86 1.83 1.81 1.78 1.69 1.67 1.66 1.65 1.66 1.69 1.72 1.75 1.93 0.00 3.18 3.13 3.09 3.08 3.05 2.61 2.42 2.20 1.64 1.76 1.16 1.09 0.95 0.70 0.88 0.92 1.09
0.61 0.71 0.80 0.68 0.38 0.41 0.35 0.53 0.49 0.36 0.35 0.12 0.19 0.52 0.44 0.39 0.39 0.37 0.38 0.42 0.46 0.51 0.54 1.25 1.20 1.25 0.30 0.33 0.30 0.18 0.16 0.14 0.12 0.11 0.14 0.07 0.09 0.06 0.03 0.05 0.03 0.00 0.00 0.00 0.11 0.08 0.10 0.09 0.09 0.12 0.15 0.17 0.22 0.00 1.85 1.73 1.70 1.68 1.65 1.62 1.61 1.61 1.64 1.67 1.69 1.80 2.10 0.13 1.12 1.06 0.85 0.82 0.80 0.77 0.74 0.72 0.63 0.52 0.45 0.47 0.45 0.38 0.42 0.46
0.56 0.55 0.61 0.30 0.28 0.34 0.15 0.28 0.21 0.36 0.29 0.11 0.11 0.43 0.37 0.35 0.35 0.33 0.35 0.42 0.46 0.49 1.11 1.12 1.17 1.21 0.89 0.00 0.21 0.20 0.19 0.17 0.16 0.15 0.18 0.22 0.11 0.11 0.09 0.07 0.06 0.03 0.00 0.00 0.00 0.04 0.05 0.05 0.09 0.12 0.14 0.17 0.19 0.29 1.76 0.78 0.76 0.73 0.71 1.57 1.56 1.56 1.59 1.61 1.64 0.79 0.97 1.39 1.08 0.92 0.92 0.86 0.83 0.80 0.77 0.75 0.67 0.50 0.37 0.35 0.33 0.33 0.34 0.38
0.40 0.29 0.27 0.24 0.28 0.26 0.10 0.14 0.08 0.09 0.23 0.09 0.08 0.13 0.40 0.34 0.32 0.31 0.37 0.39 0.42 0.48 1.07 1.05 1.11 0.84 0.82 0.79 0.80 0.24 0.22 0.20 0.19 0.18 0.19 0.23 0.16 0.20 0.15 0.10 0.10 0.08 0.05 0.00 0.00 0.00 0.00 0.04 0.07 0.10 0.13 0.14 0.22 0.25 0.76 0.74 0.72 0.69 0.67 0.67 1.52 0.63 0.64 0.66 0.67 0.69 0.70 0.76 1.14 0.97 0.90 0.88 0.48 0.45 0.42 0.39 0.35 0.33 0.31 0.29 0.28 0.29 0.30 0.34
0.31 0.26 0.24 0.22 0.25 0.21 0.06 0.13 0.03 0.04 0.15 0.07 0.06 0.07 0.17 0.33 0.31 0.29 0.35 0.37 0.40 0.45 1.05 1.01 1.02 0.81 0.79 0.76 0.78 0.80 0.00 0.23 0.22 0.21 0.22 0.24 0.26 0.23 0.17 0.13 0.08 0.06 0.03 0.00 0.00 0.00 0.00 0.03 0.06 0.09 0.11 0.18 0.20 0.21 0.00 0.76 0.71 0.68 0.66 0.63 1.48 0.60 0.63 0.64 0.65 0.66 0.68 0.72 1.26 1.02 0.92 0.91 0.49 0.43 0.40 0.37 0.34 0.30 0.27 0.26 0.24 0.26 0.29 0.21
0.32 0.25 0.21 0.19 0.20 0.16 0.05 0.08 0.01 0.02 0.06 0.04 0.03 0.03 0.06 0.32 0.29 0.27 0.33 0.35 0.36 0.40 1.00 0.97 0.91 0.81 0.75 0.72 0.76 0.79 0.82 0.48 0.26 0.24 0.26 1.40 1.38 0.22 0.17 0.12 0.10 0.07 0.05 0.00 0.00 0.00 0.00 0.03 0.06 0.13 0.14 0.16 0.16 0.17 0.26 0.82 0.71 0.65 0.63 0.60 1.01 0.57 0.60 0.61 0.63 0.50 0.52 0.57 0.73 0.99 1.11 0.61 0.38 0.36 0.34 0.31 0.28 0.25 0.22 0.22 0.20 0.13 0.16 0.09
0.27 0.23 0.20 0.16 0.14 0.11 0.00 0.00 0.00 0.00 0.00 0.00 0.00 0.00 0.00 0.30 0.28 0.26 0.31 0.33 0.35 0.38 0.97 0.95 0.91 0.74 0.69 0.69 0.72 0.75 0.41 0.43 0.47 0.00 1.34 1.32 1.34 0.00 0.18 0.13 0.11 0.08 0.04 0.05 0.00 0.00 0.00 0.03 0.12 0.11 0.12 0.12 0.13 0.19 0.31 0.99 0.87 0.69 0.67 0.61 0.54 0.52 0.57 0.60 0.46 0.46 0.49 0.54 0.64 0.60 0.51 0.51 0.37 0.35 0.32 0.29 0.26 0.23 0.21 0.17 0.15 0.10 0.11 0.06
0.30 0.15 0.14 0.13 0.11 0.08 0.00 0.00 0.00 0.00 0.00 0.00 0.00 0.00 0.00 0.04 0.25 0.24 0.28 0.29 0.32 0.33 0.83 0.80 0.77 0.73 0.64 0.65 0.65 0.43 0.39 0.41 0.52 1.31 1.30 1.29 1.30 0.00 0.66 0.55 0.45 0.35 0.27 0.20 0.00 0.00 0.00 0.00 0.06 0.08 0.08 0.10 0.12 0.15 0.18 0.77 0.79 0.75 0.70 0.67 0.58 0.47 0.45 0.42 0.43 0.44 0.46 0.63 0.53 0.00 0.57 0.44 0.41 0.36 0.30 0.28 0.24 0.21 0.18 0.15 0.10 0.06 0.03 0.03
0.33 0.20 0.16 0.15 0.10 0.06 0.00 0.00 0.00 0.00 0.00 0.00 0.00 0.00 0.00 0.02 0.00 0.22 0.25 0.27 0.29 0.32 1.18 0.87 0.73 0.66 0.60 0.61 0.62 0.40 0.38 0.43 0.49 1.31 1.28 1.25 1.24 1.21 0.00 0.60 0.49 0.31 0.22 0.16 0.15 0.00 0.00 0.00 0.04 0.05 0.07 0.10 0.14 0.15 0.15 0.00 0.74 0.73 0.71 0.62 0.61 0.40 0.41 0.39 0.40 0.43 0.45 0.43 0.40 0.42 0.54 0.45 0.44 0.33 0.31 0.28 0.25 0.23 0.20 0.15 0.07 0.04 0.00 0.00
0.35 0.19 0.17 0.14 0.12 0.08 0.05 0.03 0.05 0.04 0.04 0.05 0.00 0.00 0.00 0.00 0.00 0.18 0.23 0.29 0.30 0.32 0.43 0.83 0.72 0.62 0.56 0.58 0.59 0.32 0.34 0.41 0.47 1.45 1.33 1.23 1.15 1.13 0.00 0.50 0.38 0.29 0.20 0.15 0.11 0.00 0.00 0.00 0.00 0.04 0.06 0.10 0.11 0.12 0.13 0.35 0.77 0.50 0.47 0.45 0.41 0.38 0.35 0.34 0.36 0.38 0.39 0.32 0.32 0.34 0.27 0.78 0.41 0.33 0.31 0.29 0.27 0.24 0.18 0.12 0.08 0.00 0.00 0.00
