dat/surotime.txt
ncols         258
nrows         248
xllcorner     549290.27599977
yllcorner     3501743.7800992
cellsize      50
NODATA_value  -9999
[rows 114 to 151 of 248, columns 0 to 83 of 258]
0.00 0.00 0.00 0.00 0.00 0.00 0.00 0.00 2.10 1.51 1.46 1.46 1.43 1.40 1.37 1.36 1.36 1.33 1.31 1.32 1.39 1.35 1.30 1.27 1.25 1.24 1.23 1.30 1.31 1.33 1.27 1.30 1.31 1.33 1.36 1.53 1.62 1.72 1.42 1.34 1.24 1.21 1.21 1.22 1.29 1.27 0.89 0.88 0.92 0.90 0.90 1.01 0.99 4.67 4.62 4.57 4.57 4.66 4.71 4.28 4.21 4.13 4.21 4.28 4.33 4.25 4.30 2.76 2.67 2.50 2.49 2.54 2.61 2.76 2.70 2.47 2.69 2.58 2.51 2.50 2.52 2.54 2.51 2.48
0.00 0.00 0.00 0.00 0.00 0.00 2.30 2.30 2.20 2.04 2.01 1.43 1.42 1.40 1.37 1.34 1.32 1.32 1.30 1.32 1.29 1.40 1.32 1.26 1.21 1.20 1.19 1.18 1.22 1.26 1.25 1.29 1.31 1.33 1.45 1.39 1.36 1.16 1.20 1.22 1.16 1.15 1.18 1.19 1.21 1.40 0.88 0.87 0.90 0.87 0.92 0.98 0.94 1.00 4.50 4.45 4.46 4.49 4.53 4.17 4.13 4.08 4.13 4.20 4.20 4.16 4.22 2.84 2.56 2.45 2.47 2.54 2.55 2.66 2.61 2.41 2.46 2.45 2.46 2.50 2.54 2.60 2.40 2.37
0.00 0.00 0.00 0.00 0.00 0.00 2.22 2.20 2.20 2.14 2.12 1.98 1.41 1.39 1.36 1.33 1.29 1.28 1.27 1.25 1.26 1.24 1.22 1.20 1.16 1.15 1.15 1.14 1.17 1.20 1.23 1.24 1.28 1.40 1.34 1.32 1.33 1.11 1.12 1.11 1.14 1.13 1.15 1.18 1.24 1.34 0.87 0.86 0.86 0.85 0.90 0.94 0.85 0.96 4.52 4.44 4.32 4.40 4.41 4.15 4.11 4.00 4.01 4.09 4.09 4.06 4.16 3.18 2.52 2.43 2.46 2.51 2.41 2.50 2.51 2.38 2.40 2.41 2.41 2.42 2.50 3.50 3.49 2.42
0.00 0.00 0.00 0.00 0.00 2.13 2.10 2.13 2.10 2.13 2.11 2.08 1.95 1.38 1.34 1.31 1.27 1.25 1.23 1.22 1.23 1.44 1.13 1.19 1.07 1.12 1.11 1.10 1.13 1.15 1.17 1.23 1.36 1.30 1.28 1.29 1.24 1.14 1.08 1.08 1.07 1.10 1.10 1.13 1.15 1.00 0.86 0.84 0.83 0.83 0.88 0.80 0.75 0.77 4.32 4.28 4.19 4.13 4.01 3.95 3.96 3.89 3.92 3.96 4.01 4.00 4.04 3.65 3.94 2.39 2.64 2.34 2.36 2.34 2.41 2.36 2.37 2.38 2.37 2.40 2.43 3.39 3.32 3.24
0.00 0.00 0.00 0.00 2.29 2.10 2.03 2.10 2.03 2.14 2.06 2.02 1.94 1.95 1.37 1.28 1.26 1.23 1.21 1.19 1.30 1.36 1.12 1.30 1.15 1.03 1.08 1.06 1.09 1.11 1.13 1.18 1.32 1.27 1.25 1.26 1.22 1.11 1.06 1.06 1.04 1.06 1.09 1.14 1.21 0.86 0.79 0.78 0.80 0.83 0.90 0.72 0.70 0.74 4.33 4.25 4.17 4.12 3.93 3.88 3.88 3.80 3.88 3.87 3.92 3.45 3.56 3.56 3.84 2.36 2.61 2.31 2.33 2.31 2.33 2.34 2.35 2.33 2.36 2.43 2.39 2.30 3.27 3.22
0.00 0.00 0.00 0.00 2.56 2.19 1.99 1.96 1.97 1.96 1.93 1.97 1.93 1.91 1.89 1.93 1.23 1.21 1.19 1.16 1.23 1.29 1.11 1.09 1.20 1.06 0.99 1.03 1.06 1.07 1.11 1.17 1.30 1.25 1.22 1.26 1.19 1.08 1.06 1.03 1.01 1.01 1.04 1.06 1.08 0.77 0.77 0.75 0.76 0.66 0.64 0.67 0.72 0.82 0.95 4.29 4.20 4.11 3.90 3.75 3.66 3.70 3.80 3.78 3.31 3.42 3.36 3.46 3.74 2.33 2.58 2.31 2.27 2.30 2.28 2.31 2.30 2.30 2.33 2.59 2.36 2.22 2.22 3.19
0.00 0.00 0.00 2.80 2.49 2.34 2.13 1.95 1.93 1.91 1.91 1.94 1.91 1.88 1.86 1.89 1.26 1.23 1.21 1.13 1.09 1.07 1.06 1.25 0.99 1.03 0.97 1.00 1.01 1.05 1.08 1.17 1.31 1.21 1.17 1.22 1.15 1.20 1.03 0.99 0.96 0.97 0.99 0.94 0.88 0.76 0.75 0.72 0.75 0.65 0.61 0.64 0.70 0.79 0.85 4.33 3.97 3.88 3.74 3.55 3.48 3.51 3.63 3.16 3.27 3.20 3.24 3.35 3.63 2.30 2.55 2.29 2.26 2.23 2.25 2.24 2.28 2.31 2.39 2.47 2.36 2.24 2.19 2.18
0.00 0.00 0.00 2.73 2.69 2.39 2.28 2.09 1.92 1.90 1.89 1.82 1.89 1.88 1.84 1.86 1.24 1.20 1.18 1.16 1.00 1.02 0.97 1.23 0.99 0.97 0.94 0.94 0.95 0.99 1.01 1.13 1.26 1.16 1.14 1.16 1.11 1.15 0.98 0.94 0.92 0.94 0.87 0.86 0.88 0.71 0.68 0.68 0.69 0.62 0.59 0.62 0.67 0.69 0.75 4.11 4.01 3.48 3.37 3.46 3.28 3.19 3.00 3.03 3.13 3.09 3.15 3.25 3.53 2.27 2.52 2.42 2.24 2.21 2.19 2.15 2.18 2.24 2.31 2.47 2.34 2.24 2.18 2.16
0.00 0.00 0.00 2.66 2.61 2.35 2.25 2.04 1.90 1.87 1.86 1.79 1.86 1.86 1.82 1.83 1.86 1.21 1.18 1.18 0.97 0.94 0.93 1.13 1.24 0.95 0.86 0.87 0.87 0.91 0.94 1.05 1.29 1.16 1.14 1.10 1.04 0.99 1.04 0.89 0.88 0.89 0.82 0.85 0.87 0.69 0.67 0.63 0.59 0.55 0.57 0.59 0.62 0.67 0.77 3.39 3.34 3.34 3.23 3.36 3.19 3.00 2.87 2.99 3.05 2.99 3.05 3.15 3.43 2.25 2.49 2.39 2.20 2.18 2.15 2.12 2.15 2.21 2.35 2.52 2.31 2.22 2.17 2.14
0.00 0.00 0.00 2.62 2.50 2.37 2.26 2.15 1.91 1.86 1.84 1.76 1.72 1.84 1.80 1.82 1.84 1.22 1.21 1.01 0.98 0.91 0.88 0.94 0.88 0.95 0.85 0.81 0.81 0.85 0.87 0.90 0.92 1.17 1.16 1.02 0.98 0.93 0.89 0.85 0.83 0.85 0.79 0.82 0.84 0.64 0.62 0.59 0.55 0.52 0.53 0.57 0.59 0.71 0.85 3.37 3.26 3.21 3.09 2.83 3.17 2.88 2.68 2.86 2.78 2.86 3.02 3.21 3.35 2.22 2.39 2.27 2.15 2.13 2.10 2.08 2.07 2.09 2.11 2.47 2.26 2.18 2.13 2.10
0.00 0.00 0.00 0.00 2.59 2.25 2.20 2.11 2.01 1.83 1.81 1.76 1.71 1.68 1.71 1.81 1.79 1.62 0.99 0.96 0.93 0.90 0.86 0.82 0.79 0.82 0.80 0.76 0.77 0.81 0.83 0.86 0.89 1.21 1.10 1.03 1.05 0.94 0.85 0.81 0.79 0.81 0.75 0.78 0.76 0.66 0.63 0.60 0.51 0.49 0.50 0.55 0.64 0.72 3.32 3.33 3.22 3.11 3.01 2.80 3.03 2.63 2.48 2.64 2.63 2.78 2.91 3.34 2.31 2.08 2.02 2.10 2.09 2.06 2.04 2.04 2.06 2.08 2.10 2.21 2.17 2.11 2.09 2.05
0.00 0.00 0.00 0.00 0.00 2.26 2.20 2.09 1.97 1.89 1.84 1.75 1.68 1.65 1.55 1.69 1.57 1.59 1.14 0.93 0.90 0.87 0.83 0.80 0.74 0.67 0.65 0.71 0.73 0.76 0.78 0.82 0.65 0.58 1.14 1.19 1.09 0.96 0.86 0.79 0.73 0.70 0.71 0.74 0.75 0.78 0.64 0.55 0.48 0.47 0.46 0.51 0.60 0.86 0.80 3.24 3.16 3.05 2.88 2.61 2.61 2.47 2.33 2.41 2.55 2.67 2.79 1.88 1.93 1.86 1.80 2.18 2.03 2.01 1.99 2.00 2.01 2.01 2.04 0.00 2.32 2.24 2.19 2.13
0.00 0.00 0.00 0.00 0.00 0.00 2.18 2.10 1.97 1.95 1.88 1.78 1.69 1.48 1.45 1.48 1.54 1.56 1.12 0.96 0.92 0.89 0.85 0.82 0.70 0.66 0.62 0.66 0.71 0.74 0.77 0.63 0.61 0.55 0.65 1.17 1.03 0.94 0.96 0.68 0.65 0.64 0.69 0.72 0.75 0.78 0.52 0.49 0.47 0.44 0.44 0.49 0.59 0.77 0.78 0.83 3.16 3.17 3.08 2.31 2.24 2.32 2.17 2.32 2.44 2.72 2.95 1.86 1.83 1.74 1.84 2.13 2.00 1.97 1.95 1.97 1.98 2.00 2.03 2.04 2.36 2.27 2.24 2.22
0.00 0.00 0.00 0.00 0.00 0.00 0.14 2.20 2.11 2.10 2.09 2.11 1.56 1.48 1.43 1.45 1.51 1.36 1.36 1.07 0.96 0.91 0.87 0.76 0.72 0.53 0.49 0.51 0.45 0.46 0.49 0.53 0.58 0.54 0.62 0.59 0.87 0.78 0.77 0.71 0.63 0.58 0.63 0.66 0.69 0.73 0.49 0.46 0.45 0.44 0.42 0.44 0.48 0.74 0.77 0.75 0.71 2.41 2.28 2.13 2.05 2.02 1.99 2.01 1.86 1.87 1.94 1.84 1.79 1.71 1.78 1.98 1.95 1.92 1.91 1.93 1.93 1.96 1.98 2.01 1.51 2.36 2.34 2.06
0.00 0.00 0.00 0.00 0.00 0.00 0.00 2.17 2.11 2.09 2.06 2.09 1.46 1.40 1.40 1.46 1.47 1.32 1.32 1.35 0.99 0.93 0.82 0.78 0.58 0.54 0.47 0.43 0.41 0.44 0.36 0.49 0.48 0.49 0.52 0.54 0.72 0.71 0.69 0.63 0.56 0.50 0.56 0.59 0.61 0.43 0.49 0.46 0.43 0.42 0.40 0.42 0.47 0.71 0.70 0.71 0.66 2.30 2.21 2.07 1.92 1.86 1.83 1.76 1.77 1.82 1.83 1.78 1.72 1.68 1.77 2.14 1.97 1.90 1.87 1.88 1.92 1.94 1.97 1.91 1.41 1.38 2.20 2.02
0.00 0.00 0.00 0.00 0.00 0.00 2.10 2.24 2.12 2.04 2.02 2.02 1.40 1.39 1.36 1.41 1.26 1.28 1.24 1.28 1.05 0.89 0.83 0.63 0.59 0.52 0.49 0.40 0.36 0.32 0.27 0.29 0.45 0.40 0.45 0.53 0.56 0.67 0.56 0.50 0.47 0.42 0.46 0.41 0.34 0.40 0.39 0.45 0.43 0.38 0.38 0.41 0.45 0.69 0.66 0.62 0.65 0.79 2.12 2.01 1.89 1.81 1.76 1.74 1.77 1.79 1.82 1.61 1.63 1.64 1.65 1.65 1.90 1.86 1.83 1.85 1.86 1.85 1.87 1.02 1.33 1.29 1.26 1.32
0.00 0.00 0.00 0.00 0.00 0.00 2.05 2.15 2.09 1.93 1.90 1.93 1.45 1.40 1.33 1.28 1.20 1.26 1.18 0.88 0.91 0.89 0.87 0.66 0.61 0.45 0.43 0.35 0.32 0.29 0.24 0.22 0.25 0.31 0.39 0.44 0.30 0.55 0.54 0.48 0.40 0.36 0.40 0.33 0.33 0.32 0.31 0.36 0.32 0.34 0.37 0.42 0.47 0.66 0.63 0.59 0.66 0.80 2.07 1.96 1.85 1.79 1.73 1.72 1.75 1.77 1.81 1.58 1.58 1.60 1.61 1.66 1.86 1.82 1.80 1.81 1.81 1.84 0.00 0.99 1.16 1.22 1.18 1.26
0.00 0.00 0.00 0.00 0.00 0.00 2.02 2.05 2.00 1.90 1.89 1.88 1.85 1.89 1.38 1.22 1.14 1.00 0.85 0.81 0.78 0.73 0.73 0.68 0.34 0.33 0.32 0.30 0.28 0.25 0.22 0.20 0.22 0.25 0.27 0.28 0.13 0.68 0.55 0.43 0.36 0.33 0.30 0.31 0.24 0.21 0.22 0.28 0.27 0.28 0.31 0.34 0.39 0.58 0.55 0.55 0.59 0.67 1.96 1.85 1.79 1.78 1.74 1.69 1.73 1.76 1.73 1.54 1.55 1.56 1.59 1.61 1.83 1.79 1.76 1.76 1.78 1.77 0.00 0.97 0.99 1.04 1.09 1.15
0.00 0.00 0.00 0.00 0.00 0.00 2.01 1.97 1.93 1.89 1.87 1.86 1.83 1.71 1.43 1.24 1.30 0.87 0.81 0.76 0.74 0.69 0.67 0.66 0.67 0.34 0.32 0.31 0.30 0.28 0.20 0.16 0.20 0.24 0.26 0.07 0.07 0.33 0.63 0.33 0.31 0.28 0.27 0.22 0.21 0.08 0.19 0.20 0.23 0.24 0.26 0.29 0.34 0.56 0.53 0.49 0.54 0.57 2.04 2.03 1.94 1.89 1.82 1.71 1.63 1.68 1.53 1.51 1.51 1.52 1.55 1.56 1.74 1.76 1.73 1.73 1.73 1.76 0.98 0.95 0.94 0.96 0.98 1.03
0.00 0.00 0.00 0.00 0.00 0.00 2.02 1.98 1.97 1.51 1.48 1.46 1.41 1.34 1.30 1.34 1.34 0.83 0.78 0.74 0.70 0.66 0.65 0.65 0.62 0.64 0.28 0.33 0.33 0.17 0.15 0.12 0.11 0.03 0.05 0.04 0.16 0.20 0.28 0.40 0.26 0.26 0.23 0.20 0.19 0.10 0.06 0.17 0.19 0.22 0.24 0.30 0.32 0.46 0.41 0.43 0.47 0.50 2.27 1.87 1.78 1.72 1.69 1.66 1.61 1.55 1.49 1.48 1.49 1.50 1.52 1.45 1.51 1.70 1.68 1.69 1.72 1.74 1.77 0.94 0.91 0.90 0.92 0.97
0.00 0.00 0.00 0.00 0.00 0.00 2.03 2.02 1.54 1.51 1.50 1.48 1.52 1.38 1.33 1.37 1.38 0.79 0.76 0.72 0.68 0.65 0.62 0.61 0.61 0.62 0.63 0.26 0.20 0.15 0.12 0.08 0.07 0.00 0.02 0.03 0.10 0.10 0.13 0.13 0.32 0.22 0.19 0.19 0.18 0.07 0.05 0.15 0.13 0.18 0.20 0.27 0.29 0.44 0.37 0.41 0.45 0.40 0.44 1.94 1.76 1.78 1.72 1.69 1.66 1.52 1.48 1.44 1.46 1.49 1.37 1.42 1.49 1.68 1.66 1.66 1.69 1.72 1.74 0.92 0.90 0.87 0.93 0.95
0.00 0.00 0.00 0.00 0.00 0.00 0.00 1.75 1.71 1.55 1.53 1.51 1.56 1.57 1.60 1.40 1.42 0.78 0.75 0.71 0.68 0.65 0.62 0.59 0.61 0.61 0.62 0.34 0.23 0.16 0.12 0.07 0.00 0.00 0.00 0.00 0.03 0.03 0.05 0.03 0.04 0.22 0.18 0.14 0.00 0.00 0.00 0.09 0.06 0.12 0.15 0.24 0.26 0.26 0.31 0.31 0.35 0.39 0.35 0.59 1.87 1.81 1.74 1.50 1.46 1.42 1.38 1.38 1.36 1.34 1.37 1.39 1.47 1.59 1.62 1.68 1.73 1.76 0.00 0.89 0.87 0.84 0.87 0.81
0.00 0.00 0.00 0.00 0.00 0.00 0.00 0.00 1.69 1.66 1.63 1.57 1.61 1.69 1.72 1.44 0.83 0.79 0.76 0.73 0.68 0.66 0.63 0.59 0.54 0.58 0.46 0.38 0.29 0.18 0.14 0.08 0.00 0.00 0.00 0.00 0.00 0.00 0.00 0.00 0.00 0.00 0.00 0.00 0.00 0.00 0.00 0.00 0.00 0.04 0.08 0.21 0.23 0.22 0.24 0.26 0.27 0.30 0.34 0.49 1.90 1.52 1.50 1.47 1.43 1.40 1.36 1.31 1.29 1.30 1.32 1.35 1.42 1.52 1.60 1.64 1.67 1.69 0.00 0.85 0.83 0.80 0.77 0.78
0.00 0.00 0.00 0.00 0.00 0.00 0.00 0.00 0.00 1.67 1.66 1.63 1.72 1.71 1.77 1.47 0.83 0.80 0.77 0.71 0.69 0.67 0.64 0.63 0.58 0.47 0.40 0.33 0.28 0.23 0.18 0.08 0.11 0.06 0.00 0.00 0.00 0.00 0.00 0.00 0.00 0.00 0.00 0.12 0.06 0.00 0.00 0.00 0.05 0.07 0.11 0.18 0.20 0.18 0.19 0.21 0.22 0.21 0.34 0.27 0.57 1.19 1.02 0.94 0.98 0.95 0.95 0.94 1.22 1.25 1.27 1.33 1.40 1.44 1.63 1.67 1.69 1.71 0.00 0.83 0.80 0.77 0.76 0.76
0.00 0.00 0.00 0.00 0.00 0.00 0.00 0.00 0.00 0.00 1.65 1.64 1.79 1.76 1.78 1.50 0.83 0.77 0.75 0.74 0.70 0.68 0.67 0.66 0.62 0.51 0.47 0.35 0.30 0.24 0.22 0.16 0.11 0.08 0.06 0.00 0.00 0.16 0.12 0.06 0.00 0.00 0.20 0.13 0.07 0.02 0.00 0.00 0.00 0.05 0.07 0.14 0.16 0.14 0.16 0.17 0.16 0.30 0.17 0.24 0.51 1.22 1.11 0.93 0.90 0.93 0.90 0.89 1.17 1.19 1.24 1.30 1.35 1.47 1.48 1.70 1.72 1.73 0.00 0.81 0.79 0.76 0.74 0.73
0.00 0.00 0.00 0.00 0.00 0.00 0.00 0.00 0.00 0.00 1.67 1.72 1.87 1.84 1.88 1.17 0.89 0.82 0.79 0.76 0.73 0.74 0.71 0.67 0.56 0.54 0.51 0.40 0.33 0.26 0.24 0.18 0.14 0.14 0.10 0.05 0.09 0.24 0.20 0.16 0.06 0.04 0.25 0.18 0.07 0.04 0.00 0.00 0.00 0.00 0.00 0.11 0.11 0.10 0.11 0.10 0.17 0.13 0.16 0.21 0.46 2.33 1.15 1.01 0.83 0.85 0.85 0.83 1.11 1.12 1.17 1.21 1.26 1.29 1.32 1.52 1.55 1.58 0.83 0.79 0.76 0.74 0.71 0.70
0.00 0.00 0.00 0.00 0.00 0.00 0.00 0.00 0.00 0.00 0.00 1.78 1.91 1.89 1.16 1.10 1.04 0.90 0.87 0.84 0.80 0.76 0.72 0.62 0.59 0.57 0.54 0.43 0.36 0.28 0.27 0.28 0.19 0.18 0.14 0.09 0.18 0.36 0.34 0.29 0.16 0.09 0.30 0.23 0.12 0.03 0.00 0.00 0.00 0.00 0.00 0.06 0.05 0.05 0.04 0.04 0.07 0.11 0.15 0.18 0.43 2.45 2.17 1.05 0.91 0.79 0.79 0.78 1.05 1.09 1.13 1.17 1.21 1.25 1.27 1.29 1.33 1.37 0.23 0.80 0.77 0.68 0.66 0.65
0.00 0.00 0.00 0.00 0.00 0.00 0.00 0.00 0.00 0.00 0.00 0.00 0.00 1.28 1.20 1.11 1.01 0.94 0.91 0.88 0.84 0.80 0.76 0.71 0.63 0.59 0.56 0.57 0.39 0.31 0.37 0.34 0.31 0.20 0.18 0.19 0.17 0.47 0.45 0.41 0.31 0.13 0.34 0.27 0.16 0.11 0.08 0.04 0.00 0.00 0.00 0.00 0.00 0.00 0.00 0.00 0.04 0.08 0.07 0.15 0.40 2.38 2.35 2.06 0.93 0.87 0.74 0.72 0.92 0.64 0.65 0.66 0.70 0.70 0.73 0.73 0.23 0.10 0.00 0.18 0.17 0.67 0.64 0.61
0.00 0.00 0.00 0.00 0.00 0.00 0.00 0.00 0.00 0.00 0.00 0.00 0.00 1.32 1.23 1.03 0.98 0.92 0.89 0.86 0.82 0.78 0.74 0.71 0.66 0.60 0.59 0.60 0.41 0.38 0.36 0.33 0.29 0.25 0.24 0.25 0.27 0.57 0.51 0.48 0.40 0.16 0.38 0.30 0.19 0.12 0.09 0.09 0.05 0.00 0.00 0.00 0.00 0.00 0.00 0.00 0.00 0.04 0.04 0.08 0.37 2.35 2.28 2.03 0.90 0.83 0.68 0.66 0.71 0.60 0.61 0.64 0.66 0.66 0.68 0.46 0.21 0.08 0.08 0.16 0.15 0.63 0.60 0.57
0.00 0.00 0.00 0.00 0.00 0.00 0.00 0.00 0.00 0.00 0.00 0.00 0.00 0.00 1.14 1.07 0.99 0.95 0.93 0.90 0.86 0.79 0.76 0.72 0.70 0.63 0.64 0.62 0.63 0.40 0.37 0.35 0.31 0.30 0.36 0.40 0.81 0.53 0.51 0.47 0.44 0.18 0.19 0.34 0.53 0.49 0.46 0.43 0.40 0.35 0.28 0.19 0.09 0.00 0.00 0.00 0.00 0.00 0.00 0.00 0.28 2.30 2.12 1.97 0.82 0.76 0.73 0.62 0.60 0.57 0.59 0.60 0.61 0.62 0.52 0.45 0.20 0.05 0.05 0.13 0.12 0.46 0.57 0.50
0.00 0.00 0.00 0.00 0.00 0.00 0.00 0.00 0.00 0.00 0.00 0.00 0.00 0.00 1.18 1.10 1.14 1.10 1.06 1.03 1.00 0.81 0.77 0.75 0.72 0.65 0.66 0.68 0.47 0.44 0.41 0.39 0.35 0.33 0.39 0.89 0.74 0.62 0.53 0.51 0.53 0.49 0.25 0.73 0.51 0.48 0.45 0.42 0.39 0.36 0.35 0.22 0.10 0.10 0.00 0.00 0.00 0.00 0.00 0.00 0.00 0.00 0.00 1.87 1.86 0.71 0.68 0.60 0.57 0.54 0.56 0.56 0.57 0.47 0.45 0.44 0.19 0.18 0.02 0.10 0.09 0.43 0.46 0.37
0.00 0.00 0.00 0.00 0.00 0.00 0.00 0.00 0.00 0.00 0.00 0.00 0.00 0.00 1.36 1.32 1.27 1.19 1.14 1.10 0.97 0.89 0.81 0.77 0.78 0.76 0.69 0.70 0.47 0.45 0.42 0.40 0.38 0.36 0.42 0.85 0.72 0.70 0.57 0.55 0.57 0.60 0.80 0.70 0.67 0.58 0.55 0.51 0.48 0.45 0.31 0.29 0.17 0.08 0.06 0.00 0.25 0.20 0.14 0.00 0.00 0.00 0.00 1.83 1.80 1.77 0.66 0.62 0.58 0.54 0.51 0.53 0.47 0.45 0.43 0.42 0.56 0.17 0.00 0.07 0.05 0.38 0.57 0.30
0.00 0.00 0.00 0.00 0.00 0.00 0.00 0.00 0.00 0.00 0.00 0.00 0.00 0.00 1.32 1.28 1.24 1.17 1.12 1.07 1.01 0.97 1.00 0.84 0.80 0.80 0.83 0.72 0.48 0.46 0.43 0.42 0.41 0.40 0.46 0.86 0.75 0.64 0.61 0.60 0.62 0.86 0.77 0.74 0.65 0.61 0.56 0.54 0.51 0.48 0.35 0.34 0.22 0.14 0.06 0.31 0.27 0.21 0.56 0.45 0.23 0.00 0.00 1.80 1.77 1.75 1.71 1.66 1.10 0.55 0.51 0.48 0.45 0.43 0.42 0.39 0.55 0.15 0.00 0.05 0.00 0.30 0.31 0.20
0.00 0.00 0.00 0.00 0.00 0.00 0.00 0.00 0.00 0.00 0.00 0.00 0.00 0.00 0.00 1.30 1.31 1.23 1.19 1.14 1.07 1.01 1.03 1.06 1.11 1.16 1.17 0.92 0.89 0.87 0.84 0.82 0.76 0.56 0.73 1.07 0.88 0.82 0.72 0.89 0.99 0.83 0.80 0.72 0.68 0.66 0.69 0.57 0.54 0.42 0.39 0.37 0.29 0.13 0.36 0.34 0.28 0.62 0.60 0.21 0.10 0.00 0.00 0.00 0.00 6.99 6.93 4.18 1.43 1.34 1.25 0.99 0.69 0.54 0.43 0.31 0.36 0.12 0.00 0.00 0.00 0.00 0.00 0.10
0.00 0.00 0.00 0.00 0.00 0.00 0.00 0.00 0.00 0.00 0.00 0.00 0.00 0.00 0.00 1.26 1.19 1.15 1.10 1.06 1.04 1.03 1.06 1.08 1.13 1.18 1.17 1.30 1.10 1.08 1.05 1.03 0.97 0.81 0.95 1.07 0.89 0.85 0.82 0.85 1.03 0.80 0.78 0.75 0.73 0.69 0.70 0.60 0.57 0.40 0.38 0.35 0.23 0.44 0.42 0.39 0.69 0.66 0.27 0.26 0.18 0.10 0.08 0.00 0.00 0.00 0.00 0.00 0.00 0.00 0.00 0.00 0.50 0.41 0.32 0.23 0.14 0.09 0.00 0.00 0.00 0.00 0.00 0.00
0.00 0.00 0.00 0.00 0.00 0.00 0.00 0.00 0.00 0.00 0.00 0.00 0.00 0.00 0.00 1.23 1.23 1.15 1.11 1.08 1.06 1.05 1.07 1.09 1.10 1.31 1.29 1.25 1.14 1.03 1.01 0.99 0.96 0.93 0.99 1.00 0.92 0.89 0.84 0.85 0.92 0.85 0.83 0.79 0.77 0.78 0.81 0.57 0.48 0.42 0.39 0.37 0.28 0.48 0.46 0.43 0.72 0.31 0.30 0.29 0.35 0.32 0.29 0.27 0.22 0.00 0.00 0.00 0.00 0.12 0.00 0.00 0.00 0.00 0.00 0.00 0.00 0.06 0.00 0.00 0.00 0.00 0.00 0.00
0.00 0.00 0.00 0.00 0.00 0.00 0.00 0.00 0.00 0.00 0.00 0.00 0.00 0.00 1.32 1.25 1.17 1.13 1.12 1.11 1.08 1.07 1.10 1.10 1.12 1.33 1.25 1.17 1.12 1.05 1.02 1.00 0.97 0.96 1.01 1.03 0.98 0.98 0.89 0.92 0.91 0.88 0.85 0.83 0.84 0.83 0.58 0.52 0.46 0.43 0.41 0.39 0.30 0.51 0.49 0.47 0.75 0.34 0.33 0.39 0.36 0.35 0.31 1.00 0.98 0.94 0.89 0.82 0.68 0.54 0.45 0.36 0.27 0.18 0.09 0.00 0.00 0.00 0.00 0.00 0.00 0.07 0.00 0.00
0.00 0.00 0.00 0.00 0.00 0.00 0.00 0.00 0.00 0.00 0.00 0.00 0.00 1.51 1.44 1.37 1.19 1.19 1.14 1.12 1.11 1.10 1.11 1.13 1.27 1.39 1.29 1.13 1.11 1.07 1.04 1.01 1.00 0.98 0.99 1.06 1.03 1.01 1.00 0.93 1.00 0.93 0.89 0.90 0.92 0.97 0.62 0.57 0.52 0.48 0.44 0.42 0.33 0.56 0.53 0.50 0.78 0.37 0.43 0.40 0.39 0.34 1.02 1.02 1.00 1.80 1.79 1.77 1.75 1.71 1.08 0.45 0.36 0.27 0.18 0.09 0.00 0.00 0.00 0.00 0.00 0.07 0.00 0.00
